87 0 84 165 188 175 
82 0 4 71 170 163 
82 0 0 21 136 144 
99 0 0 2 108 130 
106 0 0 0 81 112 
112 0 0 0 71 98 
114 0 0 0 60 86 
121 0 0 0 48 76 
119 0 0 0 47 69 
121 0 0 0 37 63 
123 0 0 0 33 58 
123 0 0 0 31 54 
130 0 0 0 33 51 
110 0 0 0 32 48 
96 0 0 0 27 47 
90 0 0 0 26 45 
106 0 0 0 26 44 
120 0 0 2 26 44 
133 0 0 7 33 45 
142 0 0 8 30 46 
149 0 0 8 31 46 
167 0 0 10 36 41 
175 0 0 11 38 43 
179 0 4 16 39 45 
190 0 9 21 37 47 
188 5 15 27 41 47 
197 14 22 32 50 49 
195 7 20 33 48 51 
184 4 17 31 48 52 
181 0 13 28 47 52 
192 0 10 26 46 51 
188 0 6 22 44 50 
186 0 5 20 42 50 
198 0 5 20 40 49 
201 0 0 16 38 47 
205 0 0 15 35 47 
191 0 0 13 34 45 
178 0 0 14 38 45 
192 0 0 12 32 43 
208 0 0 10 31 42 
204 0 0 10 29 41 
207 0 0 9 29 44 
217 0 0 7 32 42 
224 0 0 3 26 41 
243 0 0 1 23 38 
246 0 0 1 22 38 
250 0 0 2 26 37 
248 0 0 3 22 37 
213 0 0 5 28 37 
205 0 3 14 27 34 
187 0 6 18 32 38 
173 0 10 23 40 40 
160 4 15 26 43 42 
148 0 13 27 46 44 
138 0 8 24 46 47 
129 0 8 23 44 47 
126 0 3 19 43 46 
122 0 1 16 39 44 
119 0 1 16 34 42 
110 0 0 13 33 41 
93 0 0 11 36 44 
87 0 0 9 33 43 
94 0 0 7 27 41 
97 0 0 4 29 39 
100 0 0 3 23 38 
103 0 0 1 22 37 
107 0 0 0 20 35 
109 0 0 0 19 35 
112 0 0 0 24 34 
115 0 0 0 23 33 
117 0 0 0 23 33 
106 0 0 0 17 32 
103 0 0 0 16 31 
107 0 0 0 16 30 
