90 0 80 161 184 172 
102 0 0 68 163 161 
112 0 0 19 129 142 
116 0 0 1 106 124 
117 0 0 0 85 111 
121 0 0 0 65 96 
125 0 0 0 55 84 
114 0 0 0 52 75 
102 0 0 0 41 67 
95 0 0 0 41 61 
104 0 0 0 32 57 
110 0 0 0 35 53 
118 0 0 0 34 50 
129 0 0 0 29 48 
130 0 0 0 33 47 
138 0 0 0 32 47 
141 0 0 0 27 46 
139 0 0 0 31 44 
146 0 0 0 26 44 
149 0 0 2 27 44 
147 0 0 3 27 44 
151 0 0 7 32 44 
152 0 0 9 33 45 
155 0 4 15 32 42 
171 7 14 24 42 43 
159 14 22 31 43 46 
163 6 19 31 49 48 
159 13 23 34 49 55 
163 6 20 33 54 53 
157 0 12 28 52 52 
147 0 8 23 45 52 
131 0 2 18 46 51 
141 0 0 15 38 48 
144 0 0 11 35 46 
162 0 0 9 32 48 
160 0 0 6 29 45 
157 0 0 4 31 43 
167 0 0 2 25 41 
176 0 0 1 28 40 
170 0 0 0 26 38 
173 0 0 0 25 36 
185 0 0 0 19 35 
180 0 0 0 20 35 
173 0 0 2 25 35 
175 0 0 7 28 37 
173 0 0 9 29 38 
166 0 0 12 32 36 
161 0 2 15 34 38 
156 0 0 13 30 37 
148 0 0 13 31 38 
144 0 0 14 31 39 
139 0 1 15 36 40 
138 0 0 12 35 39 
136 0 0 12 34 39 
120 0 0 12 34 37 
103 0 0 12 31 38 
89 0 0 11 29 38 
96 0 0 9 27 41 
103 0 0 6 26 39 
114 0 0 2 28 38 
114 0 0 0 26 37 
118 0 0 0 20 35 
117 0 0 0 24 34 
117 0 0 0 24 34 
126 0 0 0 19 33 
128 0 0 0 18 33 
112 0 0 0 22 32 
116 0 0 0 21 31 
122 0 0 0 16 31 
129 0 0 0 16 30 
129 0 0 0 15 30 
133 0 0 0 20 29 
132 0 0 0 19 29 
135 0 0 0 19 28 
140 0 0 0 14 29 
139 0 0 0 19 29 
137 0 0 0 19 29 
128 0 0 0 14 29 
