93 0 80 162 186 174 
113 0 0 68 163 161 
124 0 0 18 133 142 
134 0 0 0 106 124 
122 0 0 0 80 110 
117 0 0 0 70 96 
125 0 0 0 54 84 
129 0 0 0 46 75 
137 0 0 0 45 67 
139 0 0 0 41 62 
139 0 0 0 37 57 
141 0 0 0 29 53 
143 0 0 0 27 49 
147 0 0 0 26 47 
148 0 0 0 26 46 
159 0 0 0 31 45 
147 0 0 0 26 44 
161 0 0 1 26 44 
173 0 0 6 33 45 
198 0 3 14 33 43 
213 14 18 27 39 46 
225 26 32 39 48 50 
219 36 41 48 56 57 
195 36 45 52 66 65 
178 39 48 56 66 69 
167 32 43 54 67 67 
148 16 32 47 65 67 
142 15 29 43 63 66 
129 9 23 37 59 64 
126 0 14 31 54 60 
132 0 5 22 53 58 
139 0 1 18 48 55 
138 0 0 14 43 52 
141 0 0 10 35 47 
157 0 0 8 37 49 
160 0 0 9 32 48 
158 0 0 6 34 46 
172 0 0 7 33 44 
175 0 0 5 32 43 
179 0 0 4 30 42 
168 0 0 1 24 40 
175 0 0 1 27 39 
176 0 0 0 26 37 
185 0 0 0 20 36 
193 0 0 3 26 36 
187 0 0 4 23 37 
177 0 0 6 28 37 
172 0 1 13 32 36 
162 0 0 13 33 36 
157 0 0 14 31 38 
146 0 0 15 31 38 
127 0 2 16 38 40 
107 0 0 15 33 41 
95 0 0 14 32 44 
99 0 0 10 30 39 
106 0 0 8 28 42 
110 0 0 10 28 36 
111 0 0 12 30 37 
115 0 0 11 28 37 
115 0 0 8 32 40 
112 0 0 6 30 39 
112 0 0 6 30 39 
113 0 0 4 28 38 
97 0 0 3 27 37 
90 0 0 1 21 36 
98 0 0 1 21 35 
104 0 0 1 21 35 
109 0 0 2 21 34 
116 0 0 1 24 34 
117 0 0 1 24 34 
119 0 0 1 24 34 
118 0 0 0 24 33 
121 0 0 0 18 31 
127 0 0 0 18 32 
117 0 0 0 22 32 
100 0 0 0 17 31 
98 0 0 0 17 30 
105 0 0 0 17 31 
111 0 0 0 22 31 
115 0 0 0 22 31 
119 0 0 0 22 31 
121 0 0 0 17 31 
126 0 0 0 17 31 
117 0 0 0 22 31 
110 0 0 0 22 31 
113 0 0 0 21 31 
103 0 0 0 16 30 
91 0 0 0 20 29 
95 0 0 0 19 29 
99 0 0 0 19 28 
105 0 0 0 15 28 
105 0 0 0 14 28 
102 0 0 0 14 28 
