79 0 85 165 194 178 
89 0 5 72 168 166 
96 0 0 23 138 146 
102 0 0 3 104 127 
111 0 0 0 88 114 
113 0 0 0 72 99 
116 0 0 0 61 86 
118 0 0 0 52 76 
107 0 0 0 41 68 
93 0 0 0 41 62 
90 0 0 0 33 57 
99 0 0 0 35 54 
104 0 0 0 28 50 
107 0 0 0 26 47 
113 0 0 0 28 45 
114 0 0 0 27 44 
118 0 0 0 26 42 
119 0 0 0 27 41 
121 0 0 0 22 41 
131 0 0 0 27 41 
130 0 0 0 27 40 
141 0 0 0 22 40 
150 0 0 0 27 39 
164 0 0 2 24 39 
164 0 0 4 24 40 
178 0 0 6 31 41 
174 0 0 8 32 42 
185 0 0 10 29 37 
179 0 0 12 35 40 
173 0 0 13 36 41 
161 0 5 17 38 42 
154 0 6 19 36 43 
138 0 8 21 42 45 
121 0 5 20 42 46 
135 0 0 15 40 45 
135 0 2 15 39 44 
125 0 4 17 41 44 
129 0 0 16 39 44 
136 0 0 13 38 43 
149 0 0 9 31 45 
147 0 0 8 29 44 
148 0 0 5 26 42 
162 0 0 3 25 40 
158 0 0 1 27 39 
144 0 0 0 21 37 
145 0 0 0 19 35 
164 0 0 0 18 35 
182 0 0 0 17 34 
187 0 0 0 18 33 
168 0 0 0 18 33 
172 0 0 6 26 35 
171 0 0 9 28 36 
163 0 0 13 31 34 
155 0 2 15 29 36 
145 0 1 16 30 36 
121 0 0 14 35 37 
100 0 0 14 31 38 
96 0 2 16 36 40 
96 0 1 15 36 40 
97 0 0 14 35 40 
97 0 0 10 33 39 
97 0 0 6 31 41 
96 0 0 5 26 40 
99 0 0 6 30 40 
96 0 0 4 24 38 
99 0 0 3 27 37 
102 0 0 2 22 36 
84 0 0 2 21 35 
80 0 0 3 21 35 
88 0 0 2 21 35 
88 0 0 4 21 34 
95 0 0 3 26 35 
99 0 0 1 25 34 
100 0 0 0 19 34 
