0 24 137 197 236 213 
0 24 74 125 216 210 
0 24 51 84 184 199 
0 24 45 65 157 180 
0 24 43 58 137 162 
0 24 42 55 122 148 
0 25 43 54 112 137 
0 24 43 55 104 129 
0 25 43 55 99 116 
0 24 43 54 95 110 
0 24 43 55 92 106 
0 24 43 55 90 102 
0 24 42 54 87 99 
0 23 42 54 85 96 
0 23 42 54 83 93 
0 23 41 53 81 91 
0 23 41 53 80 88 
0 23 41 53 79 87 
0 23 41 53 78 86 
0 23 42 53 77 85 
0 23 42 54 77 84 
0 24 42 54 77 83 
0 23 42 54 77 83 
0 23 42 54 76 82 
0 23 42 54 76 82 
0 24 42 54 76 82 
0 24 42 54 75 81 
0 24 42 54 75 80 
0 25 41 53 74 79 
0 27 41 53 74 79 
19 29 41 53 77 78 
22 29 41 53 73 78 
17 28 41 53 72 77 
19 29 41 53 77 77 
20 29 42 53 72 77 
18 29 42 54 77 77 
14 29 42 54 72 76 
21 30 42 54 73 77 
32 31 42 54 73 77 
62 34 43 54 73 77 
67 35 42 54 74 77 
55 33 42 54 73 76 
45 32 42 53 73 77 
46 32 42 53 72 76 
31 30 42 53 72 75 
21 29 41 53 71 74 
9 28 41 53 71 74 
7 27 41 53 71 74 
0 27 41 53 70 74 
0 26 41 53 71 74 
0 26 42 53 70 73 
0 25 42 54 71 74 
0 26 42 54 71 75 
0 25 42 54 71 74 
0 25 42 54 71 74 
0 25 41 53 71 74 
0 24 41 53 71 74 
0 23 41 53 70 74 
0 23 40 53 70 73 
0 22 40 52 69 72 
0 22 40 52 69 72 
0 22 40 52 69 72 
0 22 40 52 69 71 
