0 26 138 198 247 225 
0 25 76 126 224 221 
0 25 53 85 190 206 
0 25 46 66 162 186 
0 25 44 59 141 168 
0 25 44 56 125 152 
0 25 43 55 114 139 
0 25 43 55 106 131 
0 25 44 55 100 124 
0 25 44 55 96 112 
0 25 44 55 93 108 
0 25 44 56 92 105 
0 25 44 55 90 101 
0 25 44 56 88 99 
0 25 43 55 86 96 
0 25 43 55 84 94 
0 25 43 55 83 92 
0 25 43 55 81 90 
0 24 42 54 80 88 
0 25 42 54 79 87 
0 26 42 54 78 86 
0 28 43 54 78 85 
0 28 43 54 78 84 
0 29 43 55 77 84 
2 30 44 55 78 84 
5 30 43 55 77 84 
4 29 44 55 77 83 
5 29 43 55 77 83 
4 29 43 55 77 82 
12 30 43 55 76 81 
39 33 43 55 80 81 
48 33 43 55 80 81 
69 35 43 55 80 80 
81 37 44 55 75 79 
75 36 44 55 75 80 
67 36 44 55 75 79 
57 35 44 55 75 79 
49 34 44 55 79 79 
38 33 44 55 79 79 
34 33 44 55 75 79 
22 32 44 55 75 79 
11 30 44 56 75 79 
9 30 44 55 75 78 
1 29 44 55 74 79 
1 29 43 55 74 78 
0 27 42 54 73 77 
0 28 43 54 73 76 
0 27 43 54 73 76 
0 27 43 54 72 76 
0 27 42 54 72 75 
0 26 42 54 72 75 
0 26 43 54 72 75 
0 26 43 54 72 75 
0 25 43 54 72 75 
0 25 43 55 73 76 
0 24 43 55 73 76 
0 25 43 55 72 76 
0 24 42 54 72 76 
0 24 42 54 72 75 
0 23 42 54 72 75 
0 23 42 54 72 75 
0 23 41 53 71 74 
0 23 41 53 70 73 
