0 24 136 196 218 198 
0 24 74 125 207 198 
0 24 52 85 180 190 
0 24 45 66 154 175 
0 24 43 58 134 159 
0 23 42 55 119 144 
0 23 41 53 109 133 
0 22 41 53 101 124 
0 23 41 53 95 111 
0 23 41 52 91 105 
0 22 41 53 88 100 
0 22 41 53 86 97 
0 23 41 53 83 94 
0 23 41 53 82 92 
0 23 41 53 81 90 
0 23 41 53 80 88 
0 23 41 53 78 87 
0 23 41 53 78 86 
0 23 41 53 77 85 
0 23 41 53 76 83 
0 23 41 53 76 83 
0 22 40 52 74 81 
0 22 40 52 74 80 
0 21 40 52 73 79 
0 22 40 52 72 78 
0 22 40 52 72 77 
0 22 40 52 71 77 
0 22 40 51 71 76 
0 22 40 52 71 75 
0 22 40 52 71 76 
0 22 40 52 71 76 
0 23 41 53 71 76 
0 22 41 53 71 76 
0 22 41 53 71 76 
0 22 40 52 71 75 
0 22 40 52 71 75 
0 22 39 52 70 74 
0 22 40 52 69 73 
0 23 39 51 69 73 
0 24 40 51 69 73 
0 25 39 51 69 72 
9 26 40 52 69 72 
28 28 40 52 73 72 
19 28 40 52 74 73 
13 27 41 52 69 73 
20 28 41 53 70 73 
22 29 41 53 70 73 
30 29 41 53 70 74 
46 31 41 53 71 74 
65 33 41 53 70 74 
56 32 41 53 70 73 
49 31 41 52 74 72 
42 30 41 52 69 72 
33 29 40 52 69 72 
23 28 40 52 68 71 
13 27 40 52 68 71 
1 26 40 52 68 71 
0 25 40 52 68 71 
0 25 40 52 68 71 
0 25 40 52 68 71 
0 24 41 53 69 72 
0 24 40 52 69 72 
0 24 40 52 69 72 
0 24 40 52 69 71 
0 23 40 52 68 71 
0 23 39 52 68 71 
0 22 39 51 68 70 
0 22 39 51 67 70 
0 21 39 51 67 69 
0 21 39 51 67 69 
0 21 39 51 67 69 
0 21 39 51 67 69 
0 21 39 51 67 69 
0 21 39 51 67 69 
0 21 40 51 67 70 
0 21 40 52 68 70 
0 21 40 52 68 70 
0 21 39 51 68 70 
0 21 39 51 67 70 
0 20 39 51 68 70 
0 20 39 51 67 70 
0 20 38 51 67 69 
0 20 38 50 66 68 
0 19 38 50 66 68 
0 20 38 50 66 68 
0 20 38 50 65 68 
0 20 38 50 65 68 
0 20 38 50 66 67 
0 20 38 51 66 68 
0 20 39 51 66 68 
