0 25 137 197 236 214 
0 25 75 126 216 211 
0 25 52 85 185 199 
0 24 45 66 158 180 
0 24 43 58 137 163 
0 24 42 55 122 148 
0 24 43 54 111 137 
0 24 43 54 103 128 
0 24 43 54 98 115 
0 25 43 55 95 109 
0 24 43 55 92 105 
0 25 43 55 89 102 
0 25 43 55 88 99 
0 24 43 55 86 96 
0 24 43 55 84 93 
0 24 43 55 83 92 
0 23 42 54 81 90 
0 24 42 53 79 88 
0 24 42 54 79 86 
0 23 42 53 78 85 
0 23 42 53 77 84 
0 24 42 53 76 83 
0 23 42 54 76 82 
0 23 42 54 75 81 
0 24 42 54 75 81 
0 24 42 54 75 81 
0 23 42 54 75 81 
0 24 42 54 75 80 
0 24 42 54 74 80 
0 25 42 54 74 80 
0 27 42 54 74 79 
18 29 42 54 78 79 
40 32 42 54 73 78 
32 31 42 54 73 78 
23 30 42 54 73 77 
18 29 42 54 77 77 
9 28 41 53 72 76 
20 30 42 53 71 75 
26 30 42 54 73 76 
38 32 42 54 77 76 
54 34 43 54 73 77 
60 35 43 55 73 77 
52 34 43 55 73 77 
55 34 43 55 73 77 
53 34 43 55 73 77 
43 32 43 54 72 76 
34 31 43 55 72 76 
30 31 42 54 72 75 
22 30 42 53 71 75 
11 29 42 54 71 74 
7 28 42 53 70 73 
0 27 42 53 70 74 
0 27 41 53 70 73 
0 27 42 53 71 74 
0 26 42 54 71 74 
0 26 42 54 71 74 
0 26 42 54 71 75 
0 25 42 54 71 74 
0 25 42 54 71 74 
0 24 42 54 71 73 
0 24 42 53 71 74 
0 23 41 53 70 73 
0 23 41 53 70 73 
0 22 41 53 69 72 
0 22 40 53 69 72 
0 22 40 52 69 71 
0 22 41 52 69 71 
0 22 41 53 69 71 
0 23 41 52 69 72 
0 22 41 53 69 72 
0 23 41 53 70 72 
0 23 41 53 70 72 
0 23 41 53 70 72 
0 22 41 53 69 72 
0 23 41 53 70 72 
0 22 41 53 69 72 
0 21 40 52 69 71 
