0 50 153 207 221 202 
0 50 97 142 211 201 
0 50 76 105 186 191 
0 50 69 87 163 180 
0 50 67 80 145 166 
0 50 67 77 132 154 
0 50 67 76 123 144 
0 50 67 75 116 136 
0 50 67 76 111 130 
0 50 68 76 108 125 
0 50 68 77 105 122 
0 50 67 76 102 118 
0 51 67 76 100 115 
0 52 67 76 98 108 
77 61 67 76 98 106 
164 72 68 76 97 103 
223 79 69 77 96 102 
273 85 70 78 96 101 
270 85 70 78 96 100 
313 89 71 79 95 99 
301 88 72 80 96 100 
306 89 72 80 96 100 
325 90 73 81 96 100 
314 90 73 81 96 99 
301 89 73 81 96 99 
279 88 73 81 96 99 
270 87 73 81 96 99 
248 85 73 81 95 97 
240 84 73 80 95 97 
193 78 72 80 99 101 
166 75 72 80 94 96 
146 73 72 79 93 99 
141 73 72 80 94 95 
116 69 72 80 94 95 
93 67 72 80 94 96 
72 65 72 81 94 96 
55 63 72 80 94 95 
44 62 72 80 94 95 
47 62 72 80 94 95 
31 60 71 80 93 95 
18 58 71 79 97 94 
15 58 71 79 93 94 
5 56 70 79 92 93 
0 55 70 79 92 93 
0 55 70 78 91 92 
0 54 70 78 91 91 
0 54 70 78 91 92 
0 53 70 78 91 92 
0 53 70 79 91 92 
0 53 69 79 91 92 
0 53 70 79 91 92 
0 53 70 79 92 92 
0 52 70 79 91 92 
0 52 69 78 91 92 
0 52 69 78 91 91 
0 52 69 77 90 91 
0 51 68 77 90 90 
0 50 68 77 89 90 
0 51 68 76 89 90 
0 50 68 76 88 89 
0 50 68 77 89 89 
0 51 68 77 89 90 
0 51 69 77 89 90 
0 50 68 77 89 90 
0 51 69 77 89 90 
