0 48 151 207 221 197 
0 48 95 141 212 201 
0 48 74 103 186 189 
0 49 67 85 163 179 
0 49 66 78 145 166 
0 49 65 75 132 154 
0 49 66 74 123 144 
0 49 66 75 116 136 
0 49 66 75 111 130 
0 49 66 75 107 125 
0 49 66 74 104 121 
0 49 66 74 101 117 
19 54 66 75 103 115 
66 58 66 75 97 107 
117 64 66 74 97 108 
158 69 67 75 96 106 
229 78 67 76 95 101 
298 86 69 77 100 106 
339 89 69 77 94 100 
350 89 70 77 94 99 
394 92 71 79 99 99 
380 91 71 79 99 99 
374 91 71 79 95 99 
358 91 72 79 95 102 
346 91 72 79 95 97 
342 90 72 79 95 102 
287 87 71 80 99 97 
273 86 71 79 94 101 
240 82 71 78 93 99 
192 77 71 78 98 100 
226 81 72 79 94 99 
173 75 71 79 93 99 
181 77 71 79 97 99 
161 75 72 79 94 96 
123 70 72 80 94 100 
108 68 72 80 94 99 
87 66 72 80 94 95 
76 65 72 80 94 96 
55 62 71 79 93 95 
40 60 71 79 93 94 
30 59 70 79 92 94 
21 58 69 78 91 93 
13 57 70 78 91 93 
3 55 69 78 91 92 
0 55 69 78 91 92 
0 54 69 78 91 92 
0 54 70 78 91 92 
0 54 70 78 91 92 
0 53 70 79 91 92 
0 53 70 79 91 92 
0 52 69 78 91 92 
0 52 69 78 91 92 
0 51 69 78 91 91 
0 51 68 77 90 91 
0 50 68 77 90 90 
0 50 68 77 89 90 
0 51 68 76 89 90 
0 50 68 76 89 89 
0 50 67 76 89 89 
0 50 68 77 89 89 
0 50 67 77 89 90 
0 50 68 77 89 90 
0 50 68 77 89 90 
0 50 68 77 90 90 
