0 47 151 207 226 203 
0 47 95 140 214 206 
0 47 74 103 188 195 
0 46 67 85 165 183 
0 47 65 78 146 168 
0 46 64 75 133 156 
0 45 64 74 123 145 
0 45 63 73 116 137 
0 45 63 72 110 129 
0 45 63 72 106 124 
0 45 63 72 102 120 
0 45 63 72 99 111 
0 45 63 72 98 108 
0 45 63 72 97 105 
0 45 63 73 97 104 
0 45 64 73 96 103 
0 45 64 73 95 101 
0 45 63 73 94 100 
0 46 63 72 93 99 
0 45 63 72 92 98 
0 47 62 72 91 96 
0 48 62 71 91 95 
42 53 62 72 90 94 
43 53 63 72 90 94 
88 58 63 72 94 93 
136 64 64 73 90 93 
151 66 64 73 89 97 
218 75 66 75 90 97 
216 75 66 74 91 98 
263 81 67 76 91 98 
259 81 67 76 91 94 
254 81 68 76 91 94 
238 78 67 76 91 94 
228 77 67 76 91 93 
215 76 67 75 90 96 
171 70 66 75 90 96 
157 69 66 75 90 92 
156 70 67 75 90 92 
135 67 66 75 89 91 
115 64 67 76 89 91 
136 68 67 76 90 92 
164 72 68 77 91 92 
163 72 68 76 90 92 
128 66 68 77 91 92 
98 63 68 77 95 92 
99 63 67 76 95 93 
73 60 67 76 90 92 
59 58 66 75 93 91 
42 56 66 75 89 91 
31 54 66 75 89 90 
26 54 65 74 88 90 
13 53 65 74 88 89 
12 53 65 74 88 89 
1 52 66 75 88 89 
0 51 66 75 88 89 
0 50 66 75 89 90 
0 50 66 75 88 89 
0 49 66 75 89 90 
0 49 66 75 88 90 
0 48 65 74 88 89 
0 48 65 74 88 89 
0 47 64 74 87 88 
0 47 64 73 87 88 
0 46 64 73 86 87 
0 47 64 73 86 87 
0 46 64 73 86 87 
0 46 64 73 86 87 
0 47 64 73 86 87 
0 46 64 73 86 87 
0 46 64 73 87 87 
0 47 64 73 86 87 
0 46 64 73 87 88 
0 46 64 73 87 87 
0 46 64 73 86 87 
0 45 63 73 86 87 
0 45 63 72 86 86 
0 45 63 72 85 86 
