0 50 153 207 221 202 
0 50 97 142 211 200 
0 50 77 106 188 190 
0 50 70 88 166 181 
0 50 68 80 148 168 
0 49 67 77 134 156 
0 49 67 76 124 145 
0 49 67 75 116 136 
0 48 66 75 111 130 
0 48 66 75 107 125 
0 48 66 75 104 121 
0 48 66 75 100 116 
0 50 66 75 98 108 
57 59 68 76 99 107 
108 65 68 76 98 109 
175 74 69 78 98 104 
259 84 70 79 98 104 
278 86 71 79 98 103 
339 90 71 80 98 102 
339 93 71 79 96 101 
284 89 71 79 100 106 
274 88 71 79 95 100 
250 86 71 79 95 99 
265 87 72 79 95 98 
256 87 72 80 95 97 
233 85 72 80 95 98 
214 82 73 81 95 98 
202 81 73 81 95 97 
210 81 73 81 95 97 
197 79 73 81 100 104 
166 77 73 80 94 98 
156 74 72 80 94 97 
139 72 72 80 94 96 
112 69 72 80 94 96 
96 67 71 79 93 95 
112 69 71 79 93 99 
96 67 71 79 92 94 
77 65 71 79 93 94 
62 63 71 79 92 94 
46 62 71 79 92 94 
35 60 71 79 93 94 
32 61 71 79 93 94 
21 59 71 80 93 95 
12 58 71 80 93 94 
0 56 71 79 92 94 
0 55 70 79 92 93 
0 55 69 79 92 93 
0 54 69 78 91 92 
0 53 69 78 91 91 
0 53 69 78 90 91 
0 52 68 78 90 90 
0 52 69 78 90 91 
0 52 69 78 90 91 
0 52 69 78 90 91 
0 51 69 78 90 91 
0 52 69 78 90 91 
0 51 69 78 91 91 
0 51 69 78 90 91 
0 51 69 78 90 91 
0 50 68 77 90 90 
0 50 68 77 89 90 
0 50 68 77 89 90 
0 50 67 76 89 89 
0 49 67 76 88 89 
0 49 67 76 88 89 
0 49 67 76 88 88 
0 49 67 76 88 88 
0 49 67 76 88 89 
0 49 67 76 89 89 
