0 48 152 207 222 198 
0 48 95 141 211 200 
0 48 75 104 187 190 
0 48 68 86 165 180 
0 48 66 79 146 167 
0 49 66 76 133 154 
0 49 66 75 123 144 
0 49 66 75 117 137 
0 48 66 75 112 131 
0 48 66 75 107 125 
0 48 66 75 104 121 
0 47 66 75 102 118 
0 47 65 74 99 109 
0 48 65 74 98 106 
30 54 65 74 96 103 
79 59 66 75 100 108 
158 70 67 74 95 105 
269 83 68 76 94 100 
313 87 69 77 95 100 
298 87 70 78 100 105 
287 89 70 79 99 100 
275 88 70 79 95 99 
270 87 71 79 95 99 
233 81 70 79 95 98 
199 77 70 79 99 98 
194 75 70 78 98 97 
196 77 70 77 97 96 
187 75 70 77 97 100 
205 78 70 78 93 95 
164 73 70 78 93 95 
135 70 70 78 92 99 
121 69 70 78 93 99 
105 66 70 78 93 99 
87 65 70 79 93 95 
76 63 70 79 93 95 
67 62 70 78 93 95 
50 60 70 78 92 94 
34 58 69 78 92 94 
22 56 69 77 91 93 
19 57 68 77 95 92 
9 55 68 77 90 92 
0 54 68 76 90 92 
0 52 67 76 90 91 
0 52 68 76 90 91 
0 52 68 77 90 91 
0 51 68 77 90 91 
0 51 68 77 90 91 
0 51 68 77 90 91 
0 51 68 77 90 91 
0 51 68 77 90 91 
0 50 67 77 90 91 
0 50 67 76 89 90 
0 49 67 76 89 90 
0 49 66 75 88 89 
0 48 66 75 88 89 
0 48 66 75 88 89 
0 48 66 75 88 88 
0 48 66 75 88 88 
0 48 66 75 87 88 
0 48 66 75 87 88 
0 48 66 75 88 88 
0 48 67 76 88 89 
0 48 66 75 88 89 
0 48 66 75 88 89 
0 48 66 75 88 89 
0 48 65 75 88 89 
0 47 65 74 87 88 
0 47 65 74 87 87 
