0 48 152 207 223 199 
0 48 95 141 212 202 
0 48 75 104 187 192 
0 47 68 86 163 181 
0 47 66 78 145 167 
0 47 65 75 132 154 
0 47 65 74 122 143 
0 47 65 74 115 135 
0 47 65 73 110 129 
0 47 65 74 106 124 
0 48 65 74 102 120 
0 47 66 75 101 117 
0 48 65 75 99 109 
0 47 65 75 98 107 
0 48 65 75 97 105 
0 49 65 74 96 103 
0 50 65 74 95 101 
41 55 65 74 94 100 
66 58 65 74 93 98 
93 61 65 74 92 97 
115 63 66 74 92 101 
132 66 66 75 92 100 
185 73 67 75 96 100 
228 79 68 76 92 100 
246 80 69 77 93 96 
287 85 70 78 97 100 
320 88 70 77 93 100 
364 90 70 78 93 96 
359 90 71 78 94 100 
345 89 70 79 93 96 
292 87 70 78 97 99 
265 84 70 77 92 98 
232 81 70 78 92 94 
214 79 70 78 92 97 
211 79 70 78 92 98 
194 77 70 78 96 93 
160 73 71 79 93 94 
157 73 71 79 93 94 
127 70 71 79 93 98 
101 66 71 79 92 98 
80 64 71 79 93 94 
59 62 70 79 97 94 
65 62 70 79 92 94 
50 60 69 78 91 93 
42 59 69 77 90 92 
27 57 68 77 91 92 
14 56 68 77 90 92 
2 54 68 77 90 91 
0 53 68 76 90 91 
0 53 68 77 90 91 
0 53 68 77 90 91 
0 52 68 77 90 91 
0 52 69 77 90 91 
0 51 68 77 90 91 
0 51 68 77 90 91 
0 50 68 77 90 91 
0 50 67 76 90 90 
0 50 67 76 89 90 
0 49 67 76 88 89 
0 49 67 75 88 89 
0 49 66 75 88 89 
0 48 66 75 88 88 
0 49 66 75 88 88 
0 49 66 75 88 88 
0 49 67 76 88 89 
0 49 67 76 88 89 
0 49 67 76 88 89 
0 48 66 76 88 88 
0 49 67 76 88 89 
0 48 66 75 88 88 
0 48 66 75 88 88 
