0 48 152 207 218 197 
0 48 96 141 212 201 
0 48 75 104 188 190 
0 48 68 86 165 181 
0 47 66 79 147 167 
0 47 65 75 133 154 
0 47 65 74 123 144 
0 47 65 74 115 135 
0 47 65 74 110 129 
0 47 65 74 106 124 
0 47 65 74 103 120 
0 50 65 74 100 116 
40 57 66 75 99 109 
98 63 67 76 103 113 
189 74 68 76 101 111 
204 76 68 77 96 104 
221 78 69 77 96 103 
241 82 69 78 96 101 
282 87 69 78 99 100 
239 82 69 77 95 99 
217 79 69 77 95 99 
203 76 69 77 94 98 
196 76 69 78 98 97 
168 72 69 77 93 97 
155 71 70 78 94 97 
124 68 70 78 94 101 
115 67 70 79 94 97 
123 68 70 78 93 96 
101 66 70 78 93 100 
75 62 69 78 93 96 
58 60 68 77 96 95 
47 59 68 77 92 94 
34 57 67 76 90 93 
33 57 68 76 90 93 
21 55 67 76 90 92 
10 55 67 76 90 92 
10 54 67 76 89 91 
9 55 68 77 90 92 
21 56 68 77 90 92 
9 55 68 77 90 92 
0 53 68 77 90 92 
0 52 68 77 90 92 
0 51 68 76 90 92 
0 50 67 76 90 91 
0 50 66 75 89 91 
0 49 66 75 89 90 
0 49 66 75 88 89 
0 48 66 75 88 89 
0 49 66 75 88 89 
0 48 66 75 88 89 
0 49 66 75 87 88 
0 49 66 75 88 89 
0 48 66 75 88 89 
0 48 67 75 88 90 
0 48 66 75 88 89 
0 48 66 75 88 89 
0 47 66 75 88 89 
0 47 65 74 88 89 
0 47 65 74 87 88 
0 47 65 74 87 87 
