60 0 96 161 172 157 
63 0 37 93 171 164 
55 1 22 60 159 163 
68 0 15 45 139 159 
74 0 22 48 138 156 
75 0 25 46 125 141 
77 0 23 44 111 124 
84 0 17 36 94 106 
89 0 12 30 76 90 
91 0 5 21 62 76 
88 0 2 15 47 59 
89 0 0 3 35 47 
89 0 0 1 31 44 
77 0 0 3 31 45 
73 0 2 13 39 53 
73 0 5 18 45 59 
82 4 13 27 50 64 
90 3 14 31 57 71 
98 1 18 40 70 85 
141 5 25 47 81 89 
153 4 26 46 80 86 
138 0 19 39 66 74 
133 0 16 35 59 66 
125 0 8 25 52 54 
117 0 5 19 39 46 
119 0 0 9 29 34 
115 0 0 0 19 27 
138 0 0 3 21 28 
160 3 0 10 28 32 
166 6 6 18 37 41 
169 10 11 25 42 51 
175 11 14 31 51 64 
169 8 18 39 68 75 
158 9 25 47 78 83 
144 6 27 46 76 81 
140 2 23 42 68 71 
120 0 17 35 57 63 
95 0 11 28 52 51 
76 0 5 20 44 44 
62 0 2 13 31 34 
51 0 0 1 18 24 
39 0 0 2 18 24 
30 0 0 6 17 29 
17 0 3 15 31 35 
14 0 6 20 34 43 
6 0 14 29 45 53 
1 0 14 32 52 61 
3 0 18 40 65 75 
1 0 24 45 70 78 
8 0 26 45 68 76 
28 0 19 39 61 65 
31 0 16 34 54 58 
35 0 9 26 44 48 
41 0 5 19 35 45 
43 0 0 11 28 26 
62 0 0 1 12 21 
64 0 0 2 12 22 
70 0 0 6 16 28 
79 0 4 15 26 33 
91 1 8 21 34 46 
94 8 15 30 49 52 
93 4 16 34 54 63 
99 3 21 44 68 77 
99 0 26 47 70 78 
102 0 26 47 68 73 
103 0 18 38 58 63 
106 0 15 33 51 54 
110 0 5 22 40 44 
113 0 3 17 30 31 
118 0 0 5 22 23 
114 0 0 1 16 20 
100 0 0 4 14 23 
93 1 3 13 28 30 
93 0 7 19 35 37 
101 6 13 28 41 49 
107 5 15 33 49 57 
116 5 19 42 63 72 
124 4 26 48 71 77 
131 3 27 46 69 75 
132 0 20 40 61 64 
124 0 17 35 54 57 
128 0 9 25 47 46 
124 0 6 20 39 38 
115 0 1 10 21 23 
111 0 0 1 16 20 
115 0 0 4 17 22 
120 0 0 10 25 27 
125 4 6 18 32 34 
129 7 12 26 40 46 
132 9 15 32 48 54 
138 6 18 38 60 68 
139 7 25 48 70 78 
143 6 27 47 74 76 
142 3 24 43 68 67 
141 0 19 36 60 59 
130 0 12 29 46 47 
117 0 6 21 37 40 
122 0 2 12 28 23 
128 0 0 1 13 19 
130 0 0 3 17 21 
128 0 0 8 18 27 
128 5 6 17 32 32 
132 8 11 24 37 42 
