166 0 94 160 169 151 
180 0 24 78 154 145 
192 2 4 38 131 137 
200 8 6 28 115 130 
215 10 9 27 105 125 
211 12 14 32 101 128 
182 8 16 38 102 131 
192 9 25 47 104 129 
205 7 27 47 97 116 
213 3 21 41 85 100 
215 3 18 36 75 88 
218 0 9 26 61 74 
226 0 7 21 55 62 
227 3 1 10 38 44 
228 4 0 1 24 39 
227 7 0 5 24 39 
222 7 2 12 35 43 
211 9 7 18 38 50 
206 12 12 28 48 60 
219 12 15 33 56 68 
236 12 19 41 70 83 
235 11 26 48 77 92 
256 10 27 47 75 90 
233 6 22 41 66 75 
204 3 18 36 59 66 
183 0 10 27 47 52 
153 0 7 21 40 45 
142 0 0 10 25 30 
136 0 0 2 20 27 
129 0 0 4 18 29 
137 2 1 12 29 34 
148 5 7 19 32 42 
139 9 13 27 43 52 
132 8 16 33 51 60 
121 6 19 40 64 75 
115 5 26 48 73 83 
100 1 27 48 72 81 
91 0 24 42 65 71 
75 0 18 36 62 63 
72 0 11 28 48 51 
53 0 6 21 44 45 
46 0 2 13 31 31 
29 0 0 1 18 24 
17 0 0 2 18 24 
7 0 0 5 17 23 
0 0 4 15 27 37 
0 0 5 19 34 45 
0 0 14 28 44 52 
0 0 14 31 52 60 
10 0 19 41 65 75 
13 0 25 46 71 79 
14 0 25 45 74 76 
12 0 18 38 61 65 
14 0 16 33 58 57 
26 0 8 25 48 48 
34 0 5 20 35 40 
56 0 0 10 26 25 
87 0 0 1 17 21 
124 0 0 3 13 22 
154 3 0 9 23 30 
173 8 5 17 32 35 
184 10 10 24 42 49 
199 12 14 30 51 58 
212 11 17 38 60 69 
220 11 25 48 71 79 
226 9 28 48 71 77 
218 7 25 44 64 68 
218 4 19 38 57 60 
215 2 13 30 47 49 
210 0 8 22 38 42 
207 2 3 14 25 27 
202 3 0 3 14 21 
204 7 0 4 14 23 
196 6 0 10 20 26 
192 11 6 19 29 33 
186 11 11 26 44 45 
163 12 15 32 49 55 
160 9 18 39 65 69 
168 10 25 48 71 83 
178 8 28 48 75 77 
187 7 25 44 64 68 
195 4 19 38 56 60 
197 1 13 30 47 48 
202 0 8 22 38 41 
202 3 4 14 25 26 
206 5 0 3 13 21 
204 7 0 5 14 22 
194 6 0 10 19 26 
182 10 7 20 29 34 
191 12 11 25 43 44 
200 14 16 32 49 58 
195 11 18 39 66 74 
195 11 26 48 76 83 
196 10 28 47 75 76 
204 7 24 44 63 67 
203 5 20 38 56 59 
199 1 13 29 46 47 
196 1 8 22 37 40 
196 4 3 13 24 24 
172 3 0 3 18 20 
155 3 0 4 19 22 
164 4 0 10 24 26 
171 9 7 18 33 35 
179 11 12 25 38 49 
184 13 16 32 53 54 
186 10 18 39 66 74 
187 11 26 47 75 82 
194 10 28 47 75 80 
194 6 24 43 63 67 
