134 0 122 201 238 220 
148 0 36 100 200 204 
161 0 5 42 156 165 
168 0 2 20 119 132 
170 0 0 4 86 106 
170 0 0 2 71 93 
168 0 0 5 59 86 
167 8 4 15 66 83 
164 5 8 20 68 86 
165 14 16 31 71 91 
162 10 16 36 78 99 
170 10 23 47 90 108 
159 7 27 47 92 104 
158 6 26 45 86 95 
162 0 18 37 76 83 
174 0 13 31 66 71 
179 0 7 22 55 60 
185 0 3 14 37 43 
193 1 0 3 28 36 
189 3 0 3 23 37 
188 3 0 8 26 41 
186 10 6 18 35 45 
188 10 10 25 49 59 
190 13 15 32 60 65 
184 12 17 38 70 79 
193 12 25 48 81 88 
224 12 27 48 77 87 
207 9 25 44 70 78 
189 5 20 38 62 69 
176 0 12 29 56 56 
157 0 7 21 42 48 
142 0 2 13 28 33 
136 0 0 2 22 28 
130 0 0 4 22 29 
109 0 0 10 23 33 
95 2 6 18 32 41 
77 2 10 24 45 51 
69 5 15 31 51 60 
80 3 15 36 61 73 
73 1 24 46 73 83 
59 0 26 46 73 82 
52 0 25 45 69 75 
41 0 18 37 60 66 
33 0 13 30 52 55 
22 0 5 21 45 46 
12 0 2 15 34 34 
2 0 0 2 16 24 
1 0 0 1 15 18 
0 0 0 4 18 21 
0 0 2 13 28 37 
0 0 5 17 33 45 
0 0 11 25 42 51 
0 0 13 30 50 58 
0 0 15 36 62 72 
0 0 23 45 71 79 
1 0 25 45 70 77 
9 0 23 42 65 70 
31 0 17 35 57 62 
60 0 12 29 48 51 
75 0 5 21 39 47 
78 0 3 14 28 31 
89 0 0 2 19 23 
75 0 0 1 18 23 
77 0 0 5 21 28 
82 1 4 15 31 34 
95 0 7 20 34 42 
111 9 15 30 45 53 
132 8 16 35 55 64 
158 8 22 45 74 78 
179 8 26 48 76 79 
191 8 27 47 69 75 
177 1 19 38 64 64 
169 0 15 31 55 54 
194 0 7 22 40 45 
216 0 4 16 30 33 
237 4 0 4 20 23 
249 5 0 2 13 22 
255 7 0 7 21 27 
272 13 6 17 32 32 
282 12 9 23 36 42 
284 15 17 33 53 54 
286 14 17 37 63 66 
272 13 25 48 72 80 
240 10 28 48 72 83 
260 13 27 46 67 72 
277 9 20 38 63 62 
260 8 15 31 54 51 
272 6 9 23 44 44 
280 6 5 15 27 29 
289 7 0 3 15 22 
295 9 0 5 19 23 
302 10 0 9 19 30 
293 13 7 18 29 34 
300 13 11 26 39 45 
270 15 16 33 49 54 
245 13 19 40 61 70 
240 12 26 49 72 80 
256 11 28 49 71 81 
