113 4 112 182 203 184 
132 4 51 117 202 205 
135 2 28 72 175 186 
124 0 25 53 146 164 
122 0 17 38 119 138 
140 0 13 31 102 114 
145 0 6 21 78 96 
148 0 3 15 60 75 
152 0 0 2 46 60 
159 0 0 2 40 55 
166 0 0 5 35 54 
152 8 4 15 42 57 
152 7 7 20 47 63 
158 12 15 31 58 72 
144 8 16 35 70 81 
158 8 22 46 83 94 
164 6 26 47 85 93 
169 5 27 47 81 87 
172 0 19 38 71 76 
175 0 16 33 63 65 
179 0 6 22 50 53 
190 0 5 17 37 41 
201 2 0 5 23 32 
210 6 0 2 23 29 
194 6 0 6 25 33 
168 8 6 16 34 39 
160 8 8 21 41 47 
157 12 16 31 48 62 
170 11 17 34 56 71 
167 9 22 44 75 82 
166 8 27 49 79 85 
165 6 28 48 77 80 
165 0 20 39 67 69 
173 1 17 35 60 60 
160 0 8 24 49 48 
160 0 5 19 41 40 
149 0 0 7 21 28 
132 0 0 1 18 25 
112 0 0 4 20 26 
104 1 3 13 25 33 
101 1 7 20 32 41 
92 6 13 27 42 51 
80 4 15 32 50 58 
73 0 18 39 63 73 
62 0 25 47 72 81 
55 0 26 46 75 78 
43 0 23 42 65 69 
32 0 18 36 57 61 
24 0 11 29 52 51 
33 0 6 21 44 44 
29 0 3 14 27 31 
23 0 0 2 18 23 
23 0 0 1 17 22 
23 0 0 4 20 26 
27 0 3 14 29 36 
29 0 6 19 32 40 
29 1 14 29 44 51 
42 0 15 32 51 60 
47 0 19 42 70 75 
44 0 25 47 75 78 
42 0 26 46 69 75 
33 0 18 38 60 64 
26 0 16 34 58 57 
19 0 8 25 43 47 
20 0 5 19 35 43 
25 0 0 10 21 24 
36 0 0 0 11 19 
51 0 0 2 16 21 
71 0 0 7 21 28 
95 1 5 16 26 33 
116 4 9 22 34 43 
120 9 15 31 45 52 
131 8 16 36 56 65 
132 7 24 47 70 78 
148 6 26 47 75 77 
168 7 26 46 70 70 
177 0 19 38 62 62 
180 0 14 31 49 51 
176 0 6 22 43 42 
180 0 4 15 28 30 
188 2 0 4 14 21 
193 4 0 3 17 21 
190 4 0 7 21 26 
191 10 5 17 26 31 
175 10 10 23 35 40 
156 15 16 33 48 52 
161 13 18 37 58 65 
166 11 24 48 71 78 
171 10 27 47 71 77 
178 7 27 47 72 72 
177 1 19 39 62 62 
178 0 15 32 54 52 
174 0 8 23 44 43 
177 0 4 16 32 31 
176 1 0 4 19 21 
173 2 0 3 17 21 
153 1 0 7 20 25 
157 11 7 17 30 30 
162 10 9 22 39 39 
166 14 17 32 47 51 
166 12 17 37 56 63 
168 10 24 47 69 77 
170 9 28 49 76 78 
