172 4 128 207 232 213 
198 0 38 104 201 199 
208 0 13 50 154 165 
218 0 6 26 119 135 
198 0 3 15 90 107 
193 0 0 1 67 87 
202 3 0 2 53 77 
210 3 0 8 55 75 
226 10 4 16 54 72 
232 11 9 22 59 77 
236 13 15 31 67 87 
242 13 15 36 75 93 
246 11 24 47 86 102 
254 10 27 47 84 98 
257 9 25 45 81 88 
240 5 20 38 72 78 
227 4 14 29 57 64 
231 3 8 22 52 56 
237 4 3 14 38 41 
253 4 0 2 25 33 
264 7 0 3 20 33 
243 6 0 9 24 39 
224 11 6 18 33 42 
206 11 11 25 43 56 
194 15 16 32 58 66 
164 10 16 38 64 80 
155 8 25 47 80 86 
139 5 27 48 75 84 
121 1 25 44 69 76 
123 0 19 37 60 66 
128 0 14 30 51 55 
122 0 7 22 46 48 
112 0 3 14 29 33 
104 0 0 2 16 26 
109 0 0 3 15 26 
108 0 0 8 19 31 
103 4 6 17 30 38 
90 2 9 23 37 47 
80 8 17 32 48 56 
67 3 17 36 62 68 
61 0 22 45 70 81 
57 0 26 47 77 81 
47 0 27 46 74 77 
40 0 17 37 60 66 
32 0 15 33 53 57 
30 0 5 22 42 47 
21 0 3 17 33 38 
19 0 0 7 24 27 
20 0 0 0 12 22 
17 0 0 3 18 24 
17 0 0 10 26 29 
13 0 4 16 33 37 
13 0 9 22 42 48 
14 0 13 28 50 54 
21 0 14 34 57 68 
28 0 23 46 69 78 
46 0 25 46 74 77 
80 0 25 45 65 70 
117 0 18 37 57 61 
146 0 14 31 52 51 
168 0 7 22 44 43 
183 0 5 15 28 30 
174 1 0 3 18 22 
185 3 0 3 13 22 
193 4 0 7 22 27 
197 11 6 17 27 32 
206 10 9 23 35 41 
217 16 16 32 48 53 
215 13 17 37 58 70 
221 12 25 48 72 84 
231 10 27 48 71 82 
230 9 27 46 67 72 
210 3 20 39 58 63 
209 2 15 31 50 52 
189 0 8 23 39 42 
190 1 5 16 28 29 
198 2 0 4 20 22 
205 5 0 3 14 22 
218 6 0 8 22 28 
226 12 7 17 27 32 
234 12 10 25 37 41 
232 16 17 33 48 57 
233 14 17 38 59 70 
240 13 25 48 71 83 
244 11 27 48 72 82 
235 10 26 46 66 74 
213 4 20 38 58 62 
215 2 14 32 49 51 
221 0 8 23 43 42 
225 6 6 16 32 29 
226 7 0 4 15 22 
226 6 0 4 14 22 
