101 0 87 152 162 146 
119 2 34 89 163 154 
143 3 16 54 149 152 
162 11 16 42 131 153 
174 9 15 40 127 147 
178 8 24 47 125 144 
180 6 27 47 111 131 
191 5 23 43 97 113 
202 3 18 37 84 99 
202 0 12 29 69 82 
187 0 6 21 58 70 
169 0 1 12 46 50 
182 0 0 1 28 42 
186 2 0 3 26 42 
193 5 0 9 34 47 
192 10 5 17 38 49 
191 10 10 24 52 59 
191 13 15 31 61 72 
198 11 16 37 72 86 
195 10 25 47 83 95 
217 9 27 48 77 88 
241 8 25 45 75 79 
215 4 20 38 63 70 
190 0 13 30 52 58 
169 0 7 22 47 50 
163 0 4 14 34 35 
187 1 0 3 17 28 
198 5 0 4 22 29 
253 9 0 9 26 35 
241 11 6 18 35 39 
233 12 10 24 41 53 
226 14 16 32 51 63 
217 12 17 37 62 77 
206 11 25 47 73 87 
190 10 27 47 77 85 
172 5 26 45 73 74 
168 0 20 38 64 65 
160 0 14 30 55 54 
158 0 7 21 40 45 
146 0 4 15 28 30 
136 0 0 3 21 24 
121 0 0 3 15 25 
103 0 0 8 19 30 
82 2 5 17 33 36 
74 0 8 21 35 45 
63 6 16 31 47 55 
60 2 16 34 55 64 
64 1 21 44 73 79 
67 0 26 47 76 80 
76 0 27 46 74 76 
85 0 19 38 65 66 
94 0 17 34 58 58 
112 0 7 23 42 46 
138 0 6 19 39 38 
139 0 0 8 24 27 
174 1 0 2 17 22 
165 1 0 5 15 24 
143 4 3 13 22 29 
122 6 8 20 35 38 
104 7 13 28 41 49 
96 5 16 33 54 57 
87 2 18 38 66 71 
77 2 25 48 76 79 
75 0 27 47 75 77 
76 0 25 44 69 69 
76 0 18 37 61 61 
78 0 13 30 48 50 
74 0 6 21 39 42 
72 0 3 15 32 30 
75 0 0 2 19 22 
72 0 0 2 12 21 
69 0 0 5 19 25 
69 0 4 15 24 35 
69 0 7 20 32 39 
69 5 14 29 43 50 
71 2 15 32 50 58 
72 0 19 42 64 73 
73 0 26 47 71 78 
71 0 26 46 69 75 
69 0 20 40 61 65 
72 0 17 35 54 57 
71 0 10 27 44 46 
70 0 5 20 36 39 
68 0 1 11 23 25 
69 0 0 1 16 20 
69 0 0 2 16 20 
72 0 0 7 16 27 
72 0 4 16 30 32 
75 0 8 21 33 41 
79 8 15 31 44 51 
82 4 16 34 53 61 
86 2 22 44 71 76 
85 0 27 47 74 77 
76 0 26 46 72 73 
78 0 18 38 58 63 
85 0 17 34 56 54 
90 0 8 24 41 44 
96 0 5 19 37 36 
95 0 0 9 24 26 
95 0 0 1 16 19 
92 0 0 4 13 21 
91 0 0 9 22 28 
95 1 5 16 27 33 
95 3 9 23 35 43 
86 7 15 31 49 51 
80 4 16 35 55 63 
89 2 23 45 68 76 
97 1 27 47 74 76 
101 0 26 46 67 71 
