0 0 78 162 207 200 
0 0 0 65 176 181 
0 0 0 16 138 156 
0 0 0 0 107 138 
0 0 0 0 84 112 
0 0 0 0 69 100 
0 0 0 0 59 83 
0 0 0 0 51 78 
0 0 0 0 46 66 
0 0 0 0 41 60 
0 0 0 0 38 55 
0 0 0 0 35 51 
0 0 0 0 33 51 
0 0 0 0 34 51 
0 0 0 4 36 48 
0 0 0 12 40 54 
19 5 12 21 44 52 
52 10 19 29 49 54 
75 24 30 39 56 59 
80 34 40 46 61 63 
91 30 39 49 65 66 
112 16 31 45 64 67 
203 3 21 37 62 67 
276 0 11 29 62 65 
281 0 5 22 52 63 
263 0 0 16 50 59 
224 0 0 9 40 59 
203 0 0 5 35 54 
177 0 0 2 36 51 
159 0 0 1 33 47 
139 0 0 0 31 45 
139 0 0 0 29 43 
138 0 0 0 28 41 
120 0 0 0 27 40 
102 0 0 1 24 39 
80 0 0 2 24 39 
54 0 0 2 24 39 
46 0 0 5 25 40 
32 0 0 6 26 41 
20 0 0 5 26 40 
10 0 0 3 25 40 
4 0 0 2 24 34 
0 0 0 0 23 37 
0 0 0 0 23 32 
0 0 0 0 21 30 
0 0 0 0 21 29 
0 0 0 0 20 32 
0 0 0 0 19 31 
0 0 0 0 18 26 
0 0 0 0 18 26 
0 0 0 0 17 25 
0 0 0 0 17 24 
0 0 0 0 16 24 
0 0 0 0 16 24 
0 0 0 0 16 24 
0 0 0 0 16 24 
0 0 0 0 16 24 
0 0 0 0 16 23 
0 0 0 0 16 24 
