0 0 79 162 193 184 
0 0 0 67 168 169 
0 0 0 17 132 148 
0 0 0 0 103 131 
0 0 0 0 80 107 
0 0 0 0 66 95 
0 0 0 0 56 79 
0 0 0 0 49 70 
0 0 0 0 44 63 
0 0 0 0 39 58 
0 0 0 0 37 57 
0 0 0 0 34 50 
0 0 0 0 32 47 
0 0 0 0 31 44 
0 0 0 0 30 42 
0 0 0 1 32 46 
0 0 0 10 35 49 
0 0 2 15 37 51 
0 2 11 22 41 48 
6 2 15 26 45 50 
17 0 14 27 51 52 
57 12 20 32 50 54 
83 5 18 30 51 55 
83 0 14 28 50 55 
71 0 10 25 48 54 
60 0 3 20 45 54 
61 0 0 13 40 52 
54 0 0 8 35 53 
47 0 0 3 35 49 
45 0 0 0 32 46 
41 0 0 0 29 43 
42 0 0 0 22 40 
46 0 0 0 21 39 
45 0 0 0 25 37 
43 0 0 0 24 36 
40 0 0 0 18 35 
41 0 0 0 23 35 
39 0 0 0 23 35 
34 0 0 0 18 34 
27 0 0 0 23 34 
22 0 0 0 18 34 
20 0 0 0 18 34 
17 0 0 0 23 34 
13 0 0 0 23 34 
13 0 0 0 23 34 
13 0 0 0 23 34 
10 0 0 0 18 33 
10 0 0 0 17 32 
9 0 0 0 17 27 
9 0 0 0 17 25 
6 0 0 0 17 25 
0 0 0 0 16 28 
0 0 0 0 16 23 
0 0 0 0 16 23 
0 0 0 0 16 22 
0 0 0 0 16 26 
0 0 0 0 16 23 
0 0 0 0 15 23 
0 0 0 0 15 23 
0 0 0 0 15 22 
0 0 0 0 15 26 
0 0 0 0 15 22 
0 0 0 0 15 22 
0 0 0 0 15 22 
