0 0 77 160 187 176 
0 0 0 65 163 163 
0 0 0 16 129 143 
0 0 0 0 101 128 
0 0 0 0 80 109 
0 0 0 0 66 90 
0 0 0 0 56 82 
0 0 0 0 48 68 
0 0 0 0 42 61 
0 0 0 0 38 55 
0 0 0 0 34 50 
0 0 0 0 32 47 
0 0 0 0 29 43 
0 0 0 0 28 41 
0 0 0 0 26 43 
0 0 0 0 25 41 
0 0 0 0 26 37 
0 0 0 0 26 37 
0 0 0 5 30 37 
0 0 0 11 33 46 
9 8 14 22 38 44 
71 20 26 34 46 49 
102 18 27 38 51 56 
146 11 25 38 53 55 
184 4 19 34 53 56 
188 0 9 26 49 56 
152 0 0 18 43 53 
120 0 0 11 42 50 
119 0 0 6 37 50 
112 0 0 2 33 47 
105 0 0 0 26 44 
98 0 0 0 24 42 
87 0 0 0 26 40 
68 0 0 0 21 38 
61 0 0 0 24 37 
52 0 0 0 18 36 
45 0 0 0 22 35 
35 0 0 0 24 35 
23 0 0 2 26 35 
20 0 0 3 22 35 
11 0 0 5 27 37 
5 0 0 4 23 35 
0 0 0 5 24 35 
0 0 0 3 24 31 
0 0 0 1 24 31 
0 0 0 0 23 34 
0 0 0 0 22 33 
0 0 0 0 21 28 
0 0 0 0 20 27 
0 0 0 0 19 27 
0 0 0 0 18 30 
0 0 0 0 18 25 
0 0 0 0 17 28 
0 0 0 0 16 23 
0 0 0 0 16 23 
0 0 0 0 15 22 
0 0 0 0 15 25 
0 0 0 0 15 21 
0 0 0 0 15 21 
0 0 0 0 15 21 
0 0 0 0 15 25 
0 0 0 0 15 21 
0 0 0 0 15 21 
0 0 0 0 14 21 
0 0 0 0 15 21 
