0 0 90 169 196 184 
4 0 10 77 173 171 
9 0 0 27 138 152 
5 0 0 6 109 136 
7 0 0 0 87 116 
10 0 0 0 72 102 
12 0 0 0 60 90 
13 0 0 0 57 81 
10 0 0 0 46 72 
9 0 0 0 43 65 
15 0 0 1 45 63 
19 0 0 5 44 61 
21 0 0 7 44 59 
31 0 0 10 39 58 
50 0 0 12 40 57 
56 0 3 16 45 54 
66 0 8 20 47 55 
75 1 12 23 49 54 
122 6 17 28 48 56 
173 5 18 31 55 57 
321 9 21 33 52 58 
343 3 17 31 56 58 
290 0 13 28 51 57 
291 0 12 27 49 56 
283 0 12 26 49 55 
261 0 9 23 51 55 
243 0 11 25 50 54 
219 0 9 23 45 53 
227 0 2 18 47 52 
188 0 0 14 39 50 
204 0 0 10 35 48 
167 0 0 6 32 49 
150 0 0 4 34 47 
122 0 0 3 27 45 
91 0 0 2 30 43 
75 0 0 3 30 42 
57 0 0 6 30 42 
42 0 0 8 27 42 
28 0 0 10 29 42 
28 0 0 9 28 42 
28 0 0 6 26 41 
28 0 0 3 24 40 
25 0 0 1 28 39 
21 0 0 0 27 38 
17 0 0 0 25 36 
19 0 0 0 24 36 
21 0 0 0 23 35 
21 0 0 0 23 34 
19 0 0 0 22 34 
22 0 0 0 17 33 
13 0 0 0 21 33 
8 0 0 0 16 26 
9 0 0 0 17 25 
10 0 0 0 17 30 
13 0 0 0 20 30 
12 0 0 0 15 30 
11 0 0 0 19 30 
8 0 0 0 15 24 
