11 0 80 162 190 180 
16 0 0 67 170 166 
17 0 0 18 136 147 
19 0 0 0 107 127 
23 0 0 0 86 113 
42 0 0 0 66 98 
37 0 0 0 59 86 
36 0 0 0 47 76 
35 0 0 0 46 68 
47 0 0 0 41 63 
42 0 0 0 33 58 
37 0 0 0 35 53 
35 0 0 0 32 50 
35 0 0 0 30 47 
32 0 0 0 24 45 
30 0 0 0 23 43 
28 0 0 0 22 41 
25 0 0 0 26 41 
16 0 0 0 22 40 
17 0 0 0 28 41 
30 0 0 1 25 41 
33 0 0 4 31 43 
44 0 0 8 29 44 
52 0 1 14 36 46 
60 0 4 17 34 47 
64 0 11 22 42 44 
64 3 14 27 46 46 
62 1 14 27 44 48 
64 0 14 27 49 49 
67 1 14 27 50 50 
87 0 11 25 49 50 
131 0 5 21 48 50 
133 0 2 18 45 50 
131 0 0 13 41 48 
110 0 0 9 37 49 
111 0 0 5 34 47 
101 0 0 3 27 44 
96 0 0 1 25 42 
95 0 0 0 27 40 
81 0 0 0 26 38 
70 0 0 0 20 36 
54 0 0 0 18 35 
33 0 0 0 21 33 
27 0 0 0 21 33 
15 0 0 0 20 32 
12 0 0 0 16 31 
6 0 0 0 16 29 
4 0 0 0 18 30 
0 0 0 0 19 26 
0 0 0 0 20 26 
0 0 0 0 20 27 
0 0 0 0 20 31 
0 0 0 0 19 27 
0 0 0 0 19 26 
0 0 0 0 18 25 
0 0 0 0 17 25 
0 0 0 0 17 25 
0 0 0 0 17 28 
0 0 0 0 17 23 
0 0 0 0 17 23 
0 0 0 0 17 23 
0 0 0 0 16 27 
0 0 0 0 16 26 
0 0 0 0 16 23 
0 0 0 0 16 22 
0 0 0 0 15 22 
