0 0 78 161 188 178 
0 0 0 66 165 164 
0 0 0 16 129 144 
0 0 0 0 100 128 
0 0 0 0 80 109 
0 0 0 0 65 94 
0 0 0 0 55 78 
0 0 0 0 48 73 
0 0 0 0 42 62 
0 0 0 0 39 56 
0 0 0 0 35 51 
0 0 0 0 32 51 
0 0 0 0 30 44 
0 0 0 0 29 42 
0 0 0 0 29 40 
0 0 0 0 30 40 
2 0 0 4 31 44 
14 0 7 16 37 45 
34 3 14 24 45 47 
95 5 17 28 50 50 
168 5 17 30 53 52 
188 6 18 31 50 55 
216 13 23 35 52 56 
198 15 26 37 59 58 
172 24 31 41 57 60 
133 13 26 40 57 61 
99 16 27 39 62 61 
79 2 18 34 55 60 
62 0 7 25 55 59 
53 0 0 17 49 59 
39 0 0 11 38 51 
31 0 0 5 37 51 
26 0 0 1 28 46 
24 0 0 0 26 43 
22 0 0 0 24 41 
25 0 0 0 26 39 
27 0 0 0 25 38 
38 0 0 0 20 37 
33 0 0 0 25 37 
23 0 0 2 26 37 
13 0 0 4 28 38 
2 0 0 3 23 36 
0 0 0 2 24 32 
0 0 0 3 24 35 
0 0 0 2 24 31 
0 0 0 0 23 34 
0 0 0 0 22 29 
0 0 0 0 21 28 
0 0 0 0 19 27 
0 0 0 0 19 26 
0 0 0 0 18 26 
0 0 0 0 17 29 
0 0 0 0 17 29 
0 0 0 0 15 23 
0 0 0 0 16 24 
0 0 0 0 16 23 
0 0 0 0 16 23 
0 0 0 0 16 23 
0 0 0 0 16 23 
0 0 0 0 16 22 
0 0 0 0 15 26 
0 0 0 0 15 21 
0 0 0 0 15 25 
