0 0 78 162 192 183 
0 0 0 66 167 168 
0 0 0 17 131 146 
0 0 0 0 102 130 
0 0 0 0 80 106 
0 0 0 0 66 91 
0 0 0 0 56 79 
0 0 0 0 48 69 
0 0 0 0 43 62 
0 0 0 0 39 57 
0 0 0 0 36 56 
0 0 0 0 33 53 
0 0 0 0 31 45 
0 0 0 0 29 43 
0 0 0 0 27 40 
0 0 0 0 25 39 
0 0 0 0 25 37 
0 0 0 0 27 37 
0 0 0 3 30 37 
0 0 0 8 32 43 
0 0 1 13 35 47 
0 0 10 20 39 44 
21 14 22 30 44 48 
69 21 29 38 55 52 
109 16 28 39 54 55 
127 16 28 40 55 57 
151 10 24 38 56 59 
170 1 17 33 58 59 
175 0 9 26 55 59 
176 0 0 18 49 56 
196 0 0 10 38 51 
222 0 0 6 33 51 
209 0 0 3 29 47 
212 0 0 3 32 45 
200 0 0 1 25 42 
186 0 0 0 23 40 
167 0 0 0 22 39 
146 0 0 0 21 38 
130 0 0 3 27 38 
113 0 0 7 29 39 
93 0 0 7 30 40 
76 0 0 5 25 40 
72 0 0 3 24 39 
67 0 0 1 27 39 
63 0 0 0 26 37 
61 0 0 0 24 36 
59 0 0 0 23 35 
56 0 0 0 18 34 
52 0 0 0 17 33 
52 0 0 0 16 31 
51 0 0 0 20 31 
54 0 0 0 15 30 
44 0 0 0 15 30 
45 0 0 0 19 30 
44 0 0 0 15 30 
42 0 0 0 15 30 
38 0 0 0 14 29 
38 0 0 0 14 29 
39 0 0 0 18 29 
35 0 0 0 17 28 
