0 0 80 162 190 179 
0 0 0 67 166 166 
0 0 0 17 131 145 
0 0 0 0 102 125 
0 0 0 0 80 106 
0 0 0 0 66 95 
0 0 0 0 56 79 
0 0 0 0 49 69 
0 0 0 0 43 62 
0 0 0 0 39 57 
0 0 0 0 36 56 
0 0 0 0 34 49 
0 0 0 3 36 48 
0 0 7 16 42 56 
23 8 17 25 47 53 
38 9 20 29 50 55 
61 12 23 34 53 58 
72 7 20 32 54 59 
80 0 15 29 53 59 
89 0 6 23 50 58 
98 0 0 16 44 57 
103 0 0 10 39 53 
124 0 0 7 35 54 
139 0 0 3 36 50 
145 0 0 2 28 47 
152 0 0 0 31 45 
164 0 0 0 25 43 
181 0 0 0 24 41 
186 0 0 0 22 40 
183 0 0 0 21 38 
190 0 0 0 24 37 
181 0 0 0 19 36 
162 0 0 0 18 35 
150 0 0 0 22 34 
130 0 0 0 22 34 
114 0 0 0 23 34 
99 0 0 0 24 34 
82 0 0 2 21 36 
69 0 0 1 26 36 
56 0 0 0 21 35 
51 0 0 0 25 35 
46 0 0 0 20 35 
35 0 0 0 24 35 
32 0 0 0 18 33 
29 0 0 0 21 33 
29 0 0 0 20 31 
26 0 0 0 15 31 
27 0 0 0 18 30 
26 0 0 0 14 29 
24 0 0 0 13 29 
22 0 0 0 13 29 
30 0 0 0 13 28 
25 0 0 0 17 28 
19 0 0 0 17 28 
18 0 0 0 12 28 
15 0 0 0 17 28 
