0 25 136 196 219 194 
0 24 74 125 205 195 
0 25 52 85 178 189 
0 24 45 66 153 173 
0 24 43 58 133 157 
0 24 42 55 118 143 
0 24 42 54 108 131 
0 23 42 53 100 123 
0 23 42 53 94 110 
0 23 42 53 91 104 
0 23 41 53 88 100 
0 23 42 53 85 97 
0 24 42 54 84 94 
0 24 42 54 82 91 
0 23 42 54 81 89 
0 23 42 54 80 88 
0 24 42 54 79 87 
0 23 42 54 78 85 
0 23 42 54 77 84 
0 23 41 53 76 83 
0 23 41 53 75 82 
0 23 41 53 74 80 
0 22 40 52 73 79 
0 22 41 52 72 78 
0 23 40 52 72 77 
0 22 41 53 72 77 
0 22 41 53 72 77 
0 24 41 53 72 77 
0 26 41 53 71 76 
9 28 42 54 72 77 
26 30 42 54 73 77 
33 31 42 54 72 77 
33 31 42 54 72 76 
28 30 42 54 76 76 
31 30 42 53 71 76 
31 30 41 53 71 75 
20 29 41 53 70 74 
23 29 41 53 70 74 
20 29 41 53 70 73 
14 28 41 53 70 73 
11 28 41 53 70 73 
6 28 41 53 69 73 
6 27 41 53 70 73 
2 27 42 54 70 73 
1 28 42 54 71 74 
0 27 42 54 70 74 
0 26 42 54 71 74 
0 25 41 54 71 74 
0 26 41 53 70 73 
0 25 41 53 70 73 
0 24 41 53 69 72 
0 24 40 52 69 71 
0 24 40 52 69 71 
0 24 40 52 69 71 
0 24 40 52 68 71 
0 24 40 52 68 70 
0 24 41 53 69 71 
0 24 41 53 69 71 
0 23 41 53 69 72 
0 23 41 53 69 72 
0 23 41 53 69 72 
0 23 41 53 69 72 
0 22 40 53 69 71 
0 22 40 52 69 71 
0 22 40 52 68 70 
0 22 40 52 68 70 
0 22 40 52 67 69 
0 22 39 51 67 69 
0 22 39 51 67 69 
0 21 39 51 66 68 
0 22 39 51 67 69 
0 22 39 52 67 69 
0 22 40 52 68 70 
0 22 40 52 68 70 
0 22 40 52 68 70 
0 22 40 52 68 70 
0 21 40 52 68 70 
0 21 40 52 68 70 
0 21 39 52 67 69 
