0 25 136 196 220 195 
0 25 74 126 206 197 
0 24 52 85 178 189 
0 24 45 66 153 173 
0 24 43 58 133 157 
0 23 42 55 118 143 
0 23 42 54 108 132 
0 23 42 53 100 123 
0 23 42 53 94 110 
0 23 41 53 90 104 
0 24 42 53 88 100 
0 24 42 54 86 96 
0 24 42 53 84 94 
0 24 42 54 82 92 
0 24 42 54 81 90 
0 24 42 54 80 88 
0 24 42 54 79 87 
0 24 42 54 78 86 
0 24 42 54 77 84 
0 24 41 53 76 83 
0 24 41 53 75 82 
0 24 41 53 74 80 
0 24 41 53 73 79 
0 24 41 52 73 78 
0 24 41 53 73 78 
0 25 41 53 72 78 
0 26 41 53 73 78 
0 26 42 53 73 77 
15 29 42 54 73 78 
42 33 43 54 73 78 
56 33 43 54 73 78 
58 34 43 54 77 78 
56 33 43 54 73 77 
49 32 42 54 77 77 
52 32 42 53 72 76 
40 31 42 53 71 75 
32 30 42 53 70 74 
40 31 42 53 71 74 
40 32 42 54 71 74 
31 30 42 54 71 74 
25 30 42 54 71 74 
21 30 42 54 71 74 
22 30 42 54 71 74 
16 30 42 54 71 74 
13 29 42 54 71 75 
8 28 42 54 70 74 
6 28 42 54 71 74 
3 28 42 54 71 74 
0 27 42 53 70 73 
0 26 41 53 70 73 
0 26 41 53 69 72 
0 25 41 53 69 72 
0 25 41 52 69 72 
0 25 41 52 68 71 
0 26 41 52 69 71 
0 25 41 53 69 71 
0 25 42 53 69 72 
0 25 42 53 69 72 
0 25 42 53 70 72 
0 24 41 53 69 72 
0 23 42 54 70 72 
0 24 41 54 70 72 
0 23 41 53 69 72 
0 23 41 53 69 71 
0 23 41 53 69 71 
0 23 40 52 68 70 
0 22 40 52 68 70 
0 22 40 52 68 69 
0 22 40 52 67 68 
0 22 41 52 67 69 
