0 26 136 196 220 195 
0 26 75 126 206 197 
0 26 52 85 178 189 
0 26 46 67 153 173 
0 26 43 58 134 157 
0 25 43 55 119 144 
0 25 42 54 108 132 
0 24 42 54 100 123 
0 24 42 53 94 110 
0 24 42 53 91 105 
0 24 42 53 88 100 
0 24 42 53 85 96 
0 24 42 53 84 94 
0 24 42 54 82 91 
0 25 42 54 81 90 
0 24 43 54 80 89 
0 24 42 54 79 87 
0 24 42 54 78 86 
0 24 42 54 78 85 
0 24 42 54 77 83 
0 23 41 53 76 82 
0 23 41 53 74 80 
0 23 41 53 74 79 
0 23 40 53 73 78 
0 24 41 53 72 78 
0 25 41 53 72 77 
0 27 42 53 72 77 
15 29 42 54 73 77 
29 31 42 54 77 77 
38 32 42 54 77 77 
46 33 43 54 73 78 
48 33 43 54 77 77 
36 32 43 54 73 77 
39 32 42 54 77 77 
32 31 42 54 72 76 
28 30 42 54 76 76 
27 30 42 53 72 75 
22 29 42 53 71 74 
27 30 42 53 70 73 
23 30 42 53 70 74 
15 29 41 53 70 74 
14 29 42 54 70 73 
9 29 42 53 70 73 
5 28 42 54 71 74 
0 28 42 54 71 74 
0 27 42 54 71 74 
0 27 42 54 71 74 
0 27 42 54 70 73 
0 26 42 54 71 74 
0 26 41 53 70 73 
0 25 41 53 69 72 
0 25 41 53 69 72 
0 24 41 53 69 71 
0 24 41 53 69 71 
0 24 41 53 69 71 
0 24 41 53 69 71 
0 24 41 53 69 71 
0 24 41 53 69 71 
0 23 41 53 69 72 
0 24 41 53 69 72 
0 23 41 53 70 72 
0 23 42 53 69 72 
0 23 41 53 69 72 
0 23 41 53 69 72 
0 22 40 52 69 71 
0 23 40 52 68 71 
0 22 40 52 67 70 
0 22 40 51 67 69 
0 22 40 51 67 69 
0 22 40 52 67 69 
0 23 40 52 67 69 
0 23 40 52 68 70 
