0 25 136 196 220 196 
0 25 74 125 206 198 
0 25 52 85 178 189 
0 25 46 67 153 173 
0 25 44 59 134 158 
0 25 43 56 120 144 
0 25 44 56 110 134 
0 25 43 55 102 126 
0 25 43 54 96 113 
0 24 43 54 92 106 
0 24 42 54 89 102 
0 24 42 54 86 98 
0 24 42 54 84 94 
0 24 42 54 82 92 
0 24 42 54 80 89 
0 24 42 54 80 88 
0 24 42 54 79 86 
0 24 42 54 78 85 
0 24 43 54 77 84 
0 25 43 55 77 84 
0 24 43 55 77 83 
0 24 42 55 76 83 
0 23 42 54 76 81 
0 23 42 54 74 80 
0 23 42 54 74 80 
0 23 41 53 73 79 
0 23 41 53 72 78 
0 22 41 53 72 77 
0 23 41 52 71 76 
0 23 41 53 71 76 
0 23 41 53 71 76 
0 24 42 53 71 76 
0 25 41 54 71 75 
0 26 42 53 72 76 
4 28 42 54 72 76 
28 31 43 54 77 76 
40 32 43 54 72 76 
38 32 43 54 76 76 
54 33 43 54 72 76 
42 31 42 54 71 75 
40 32 42 54 71 74 
40 32 42 53 70 73 
30 30 42 54 70 73 
30 30 42 54 70 73 
37 32 42 53 71 73 
29 31 42 53 74 73 
35 32 42 54 71 74 
32 31 43 54 71 74 
30 32 43 55 71 74 
21 30 43 55 71 74 
13 29 43 55 71 74 
10 29 43 55 71 74 
6 29 42 54 71 74 
3 28 42 54 70 73 
8 28 42 53 70 72 
1 27 41 53 69 72 
0 27 41 53 69 72 
0 27 41 53 69 71 
0 27 42 53 69 71 
0 27 42 53 69 71 
0 27 42 54 69 72 
0 26 42 54 70 72 
0 26 42 54 70 72 
0 25 42 54 70 72 
0 25 42 54 70 72 
0 25 42 54 70 72 
0 24 41 54 70 72 
0 24 41 53 69 72 
0 23 41 53 69 71 
0 23 41 53 69 71 
0 23 40 52 68 70 
0 23 40 52 68 70 
0 23 40 52 68 70 
0 23 41 52 68 70 
0 23 41 53 68 70 
0 23 41 53 68 70 
0 23 41 53 69 70 
0 23 41 53 69 70 
0 23 41 53 69 71 
0 23 41 53 69 71 
0 23 41 53 69 71 
0 22 41 53 69 71 
0 22 40 53 68 70 
0 22 40 52 68 70 
0 22 40 52 68 69 
0 22 40 52 67 69 
