0 30 140 200 249 233 
0 29 79 128 224 223 
0 29 56 88 192 208 
0 29 50 69 163 188 
0 29 48 62 143 170 
0 29 47 59 128 155 
0 29 48 59 118 143 
0 30 48 59 110 134 
0 29 48 59 105 127 
0 30 48 59 100 121 
0 30 48 59 97 112 
0 29 48 59 95 108 
0 29 48 59 93 105 
0 29 47 59 90 101 
0 28 47 58 89 99 
0 28 47 58 87 96 
0 28 46 58 86 94 
0 28 46 58 84 92 
0 29 46 58 83 91 
0 29 46 58 83 90 
0 29 47 58 82 89 
0 29 47 58 82 89 
0 29 47 58 81 88 
0 29 47 58 81 88 
0 30 47 58 81 87 
0 31 47 58 81 87 
0 31 47 59 81 86 
0 31 47 58 80 85 
0 31 47 58 80 85 
0 31 46 58 79 84 
9 33 46 58 78 83 
16 33 46 57 78 83 
25 34 46 57 77 82 
25 34 46 57 77 81 
30 35 46 57 77 81 
29 35 47 58 81 81 
38 36 47 58 81 81 
35 36 47 58 78 82 
34 36 48 58 78 82 
33 35 47 58 78 82 
23 35 47 58 78 82 
27 35 47 59 78 82 
20 34 47 58 78 81 
15 34 47 58 77 81 
9 33 46 58 77 80 
6 32 46 57 76 79 
1 31 46 57 76 79 
10 33 46 58 75 79 
4 32 46 57 75 78 
2 32 46 57 75 78 
0 32 46 58 75 78 
0 31 46 58 75 78 
0 31 46 58 76 79 
0 31 47 58 76 79 
0 31 47 58 76 79 
0 31 46 58 76 79 
0 30 46 58 76 79 
0 29 46 58 75 79 
0 29 45 57 75 78 
0 28 45 57 74 77 
0 28 45 57 74 77 
0 28 45 57 74 76 
0 27 45 56 73 76 
0 27 45 56 73 76 
0 27 45 56 73 76 
0 27 45 57 73 76 
0 27 45 57 74 76 
0 27 45 57 74 76 
0 27 46 57 74 76 
0 27 46 57 74 77 
0 27 45 57 74 77 
0 27 45 57 74 76 
0 26 45 56 74 76 
0 26 44 56 73 76 
0 26 44 56 73 75 
0 26 44 55 73 75 
0 26 44 55 72 74 
0 26 44 55 72 74 
0 26 44 55 72 74 
0 26 44 55 72 74 
0 25 44 56 72 74 
0 26 44 56 72 74 
0 26 44 56 72 74 
