0 0 78 158 187 179 
0 0 0 65 163 164 
0 0 0 17 129 144 
0 0 0 0 101 128 
0 0 0 0 80 109 
0 0 0 0 66 91 
0 0 0 0 57 79 
0 0 0 0 50 70 
0 0 0 0 45 68 
0 0 0 0 41 62 
0 0 0 0 37 54 
0 0 0 0 35 50 
0 0 0 0 32 48 
0 0 0 0 32 49 
3 0 0 0 30 43 
19 0 0 0 33 47 
18 0 0 0 27 46 
39 0 0 0 29 44 
42 0 0 0 24 43 
42 0 0 0 23 42 
51 0 0 0 26 41 
61 0 0 0 26 40 
72 0 0 0 20 39 
75 0 0 0 25 38 
69 0 0 0 24 38 
58 0 0 0 19 37 
48 0 0 0 19 37 
38 0 0 0 18 36 
29 0 0 0 23 36 
17 0 0 0 22 36 
9 0 0 0 18 34 
1 0 0 0 19 29 
0 0 0 0 19 28 
0 0 0 0 19 28 
0 0 0 0 19 28 
0 0 0 0 19 28 
0 0 0 0 19 31 
0 0 0 0 19 27 
0 0 0 0 19 27 
0 0 0 0 19 27 
0 0 0 0 18 27 
0 0 0 0 18 30 
0 0 0 0 18 26 
0 0 0 0 18 26 
0 0 0 0 18 26 
0 0 0 0 18 30 
0 0 0 0 19 26 
0 0 0 0 18 26 
0 0 0 0 18 26 
0 0 0 0 18 30 
0 0 0 0 18 26 
0 0 0 0 18 25 
0 0 0 0 17 25 
0 0 0 0 18 29 
0 0 0 0 18 29 
0 0 0 0 17 25 
0 0 0 0 17 28 
0 0 0 0 17 25 
0 0 0 0 17 25 
0 0 0 0 17 24 
0 0 0 0 18 25 
0 0 0 0 17 25 
0 0 0 0 18 25 
0 0 0 0 18 25 
0 0 0 0 18 24 
0 0 0 0 17 28 
0 0 0 0 17 24 
0 0 0 0 17 24 
0 0 0 0 17 24 
5 0 0 0 17 24 
3 0 0 0 17 28 
5 0 0 0 17 24 
24 0 0 0 17 30 
40 0 0 0 16 29 
53 0 0 0 20 30 
75 0 0 0 20 30 
72 0 0 0 15 30 
62 0 0 0 15 30 
51 0 0 0 19 30 
41 0 0 0 19 30 
34 0 0 0 14 29 
24 0 0 0 14 29 
14 0 0 0 14 29 
9 0 0 0 14 23 
2 0 0 0 15 26 
0 0 0 0 15 22 
0 0 0 0 15 23 
0 0 0 0 15 22 
0 0 0 0 16 26 
0 0 0 0 16 23 
0 0 0 0 16 23 
0 0 0 0 16 22 
0 0 0 0 16 27 
0 0 0 0 16 27 
0 0 0 0 16 23 
0 0 0 0 16 23 
0 0 0 0 16 23 
0 0 0 0 16 27 
0 0 0 0 16 23 
0 0 0 0 16 22 
0 0 0 0 16 22 
0 0 0 0 16 26 
0 0 0 0 16 26 
0 0 0 0 16 26 
0 0 0 0 16 22 
0 0 0 0 16 22 
0 0 0 0 16 26 
0 0 0 0 16 26 
0 0 0 0 16 22 
0 0 0 0 16 23 
0 0 0 0 16 22 
0 0 0 0 16 26 
0 0 0 0 16 22 
0 0 0 0 16 27 
0 0 0 0 16 22 
0 0 0 0 16 22 
0 0 0 0 16 22 
0 0 0 0 16 26 
0 0 0 0 16 22 
0 0 0 0 16 22 
11 0 0 0 20 28 
27 0 0 0 19 28 
38 0 0 0 15 28 
35 0 0 0 18 28 
49 0 0 0 18 28 
56 0 0 0 13 28 
44 0 0 0 13 28 
39 0 0 0 18 28 
31 0 0 0 18 28 
29 0 0 0 18 28 
27 0 0 0 17 28 
17 0 0 0 17 28 
12 0 0 0 13 27 
6 0 0 0 13 21 
0 0 0 0 14 21 
0 0 0 0 14 21 
0 0 0 0 14 24 
0 0 0 0 14 21 
0 0 0 0 15 20 
0 0 0 0 15 21 
0 0 0 0 15 25 
0 0 0 0 15 25 
0 0 0 0 15 21 
0 0 0 0 15 21 
0 0 0 0 16 22 
0 0 0 0 15 22 
0 0 0 0 16 22 
0 0 0 0 15 22 
0 0 0 0 15 22 
0 0 0 0 15 25 
0 0 0 0 15 21 
0 0 0 0 15 25 
0 0 0 0 15 21 
0 0 0 0 15 21 
0 0 0 0 15 21 
0 0 0 0 15 25 
0 0 0 0 15 21 
0 0 0 0 15 21 
0 0 0 0 15 21 
0 0 0 0 15 25 
0 0 0 0 16 22 
0 0 0 0 15 26 
0 0 0 0 15 21 
0 0 0 0 15 21 
0 0 0 0 15 21 
0 0 0 0 15 21 
0 0 0 0 15 21 
0 0 0 0 15 21 
0 0 0 0 15 21 
0 0 0 0 15 25 
0 0 0 0 15 25 
0 0 0 0 15 21 
0 0 0 0 15 21 
0 0 0 0 15 21 
0 0 0 0 15 25 
0 0 0 0 15 21 
0 0 0 0 15 21 
0 0 0 0 15 21 
0 0 0 0 15 25 
0 0 0 0 15 25 
0 0 0 0 15 25 
0 0 0 0 15 20 
0 0 0 0 15 20 
0 0 0 0 15 21 
