287 5 117 187 208 192 
309 0 20 85 169 164 
291 2 0 31 126 134 
313 4 3 20 104 119 
337 0 0 13 91 105 
355 2 0 9 79 98 
361 2 0 10 69 85 
352 0 0 10 58 76 
357 23 11 22 66 91 
360 18 21 33 75 94 
361 5 13 30 76 89 
368 17 5 23 69 81 
371 7 9 22 65 77 
356 3 5 20 55 70 
349 7 8 22 54 68 
364 0 0 9 39 55 
362 0 0 2 27 40 
349 0 0 3 23 37 
359 0 0 7 26 39 
367 0 0 11 33 38 
378 8 0 10 34 39 
382 0 0 9 29 43 
389 2 0 7 30 47 
413 24 6 18 42 56 
425 15 11 26 51 64 
408 19 6 23 50 61 
406 13 3 20 47 57 
432 9 0 17 48 56 
440 13 8 20 48 53 
452 12 7 21 47 48 
447 4 0 8 29 39 
446 0 0 4 19 28 
460 4 3 11 26 26 
464 9 6 15 31 32 
453 4 0 10 26 34 
461 9 0 10 30 34 
477 0 0 6 29 38 
473 21 8 19 40 47 
415 14 13 26 48 63 
430 9 9 26 54 62 
420 8 3 20 50 58 
396 12 3 19 42 53 
397 12 3 19 41 50 
379 7 5 20 46 51 
352 0 0 8 35 42 
338 6 0 3 24 29 
341 1 0 1 13 24 
340 7 0 7 18 28 
337 3 0 9 25 31 
330 0 0 9 27 32 
336 1 0 10 28 29 
339 1 0 9 29 35 
345 16 11 22 38 48 
378 4 13 28 54 59 
378 9 8 24 53 59 
383 2 4 20 44 55 
380 15 6 20 41 51 
373 8 3 19 45 49 
376 2 6 20 45 49 
383 0 0 8 28 37 
357 6 0 3 22 25 
363 0 0 3 15 24 
367 13 0 5 21 23 
381 8 0 6 19 29 
395 9 0 8 24 31 
385 0 0 8 21 32 
383 3 0 9 23 37 
