335 0 101 172 190 177 
364 14 49 104 189 185 
387 10 16 56 161 175 
366 18 0 27 129 147 
379 0 3 21 108 128 
396 6 6 20 91 115 
411 13 6 20 79 101 
406 1 0 7 59 81 
416 4 0 0 47 61 
430 4 0 4 43 57 
437 0 0 9 43 57 
448 5 0 9 38 56 
448 4 0 6 35 54 
458 5 0 7 39 52 
493 0 0 7 39 55 
448 20 2 16 50 63 
449 20 14 26 56 75 
453 1 7 23 54 67 
467 8 0 17 54 64 
470 10 4 18 51 59 
469 9 7 20 51 59 
476 8 9 22 50 55 
493 5 0 8 36 44 
523 0 0 0 20 31 
519 8 0 1 23 31 
543 6 2 10 23 31 
541 0 0 11 26 32 
543 1 0 10 27 34 
535 1 0 9 31 40 
524 7 0 12 37 44 
508 3 12 24 46 58 
514 9 14 28 52 62 
535 0 10 26 50 59 
507 7 8 23 48 58 
484 10 7 21 45 54 
452 11 6 21 48 52 
442 7 6 19 40 46 
446 0 0 7 26 35 
445 0 0 0 16 25 
436 0 0 5 22 29 
431 7 0 9 25 32 
429 2 0 8 23 34 
436 8 0 10 28 31 
443 0 0 6 23 35 
442 3 2 14 33 44 
444 11 7 22 48 55 
447 11 13 26 48 61 
445 17 1 19 49 54 
454 8 5 19 43 52 
456 9 8 21 42 51 
436 9 7 22 46 51 
428 14 0 13 31 36 
432 6 0 2 25 28 
437 3 0 4 20 25 
432 0 0 6 22 27 
437 0 0 9 25 31 
435 5 0 11 27 29 
