264 6 114 186 210 195 
288 6 42 102 189 187 
305 0 0 41 137 145 
320 0 0 13 105 117 
326 0 0 9 83 107 
332 0 0 10 77 94 
335 3 0 10 68 85 
343 0 0 9 56 81 
315 0 0 5 54 74 
321 13 9 20 60 80 
323 9 12 27 67 86 
330 7 4 22 69 81 
333 7 0 18 63 76 
345 12 1 16 57 69 
350 7 8 21 53 68 
360 4 9 22 56 66 
366 0 0 5 35 50 
355 0 0 0 28 37 
370 8 0 2 26 36 
386 1 0 6 24 38 
370 0 0 8 31 40 
376 11 0 8 32 42 
380 3 0 6 26 41 
402 4 0 10 31 45 
409 4 13 24 45 58 
427 10 17 31 54 64 
436 11 0 21 49 60 
441 9 4 20 46 58 
450 5 4 19 44 57 
443 11 7 21 47 53 
439 3 5 19 44 47 
431 0 0 7 30 36 
420 1 0 2 17 27 
429 4 0 3 22 29 
428 2 0 8 25 33 
433 3 0 10 28 31 
451 2 0 8 24 35 
455 3 0 7 27 37 
452 16 9 19 41 48 
459 14 16 29 50 60 
514 0 1 20 47 59 
491 17 4 20 44 55 
466 9 4 19 47 53 
422 8 0 15 44 51 
401 10 7 20 38 48 
397 0 0 8 32 37 
394 0 0 2 18 26 
381 0 0 2 15 25 
381 0 0 3 16 27 
381 4 0 8 20 30 
366 4 0 7 21 31 
376 3 0 6 26 33 
382 9 0 7 23 38 
394 13 10 22 42 53 
400 9 14 28 48 57 
381 2 6 23 46 57 
379 14 7 22 48 52 
373 5 9 23 48 53 
373 8 8 22 46 52 
391 10 5 21 39 45 
393 0 0 9 30 34 
392 0 0 2 20 24 
390 12 0 6 17 27 
401 1 1 11 21 25 
410 7 0 10 23 28 
402 6 0 9 23 33 
391 5 0 8 27 34 
367 18 9 20 39 44 
377 13 14 28 47 57 
375 8 8 25 53 57 
373 4 0 16 48 54 
364 1 6 19 45 51 
