285 1 115 186 209 193 
309 0 43 102 186 190 
288 5 16 55 152 166 
305 8 8 33 125 145 
316 11 8 27 106 128 
329 2 0 13 86 101 
346 0 0 5 59 81 
339 0 0 2 51 69 
334 3 2 10 51 63 
327 4 0 10 50 59 
335 2 0 12 49 58 
346 2 0 10 42 56 
362 7 0 9 39 60 
365 16 12 24 53 69 
354 22 9 26 65 76 
380 4 5 22 57 73 
396 3 0 18 51 66 
419 5 4 19 49 64 
427 6 6 20 52 62 
435 8 2 18 50 60 
399 0 0 4 35 45 
364 0 0 0 20 32 
387 0 0 3 19 31 
412 0 0 3 25 33 
419 11 0 7 23 32 
410 1 0 9 29 37 
419 3 0 8 30 39 
438 3 0 9 31 43 
458 13 8 21 46 54 
469 11 8 24 54 62 
498 12 0 16 46 58 
518 14 1 16 42 53 
518 13 1 17 41 51 
530 11 4 19 42 50 
536 5 4 19 45 49 
544 0 0 8 27 37 
537 7 0 3 22 27 
494 12 0 6 18 24 
465 14 0 8 25 27 
459 3 0 10 23 28 
436 10 0 10 25 30 
431 5 0 9 30 36 
427 4 5 16 37 44 
435 11 14 26 45 60 
456 20 18 32 52 65 
441 19 3 22 52 57 
433 8 6 21 49 55 
427 0 4 19 46 53 
419 11 7 21 41 50 
370 12 8 21 43 42 
376 0 0 8 30 33 
379 0 0 3 21 25 
385 3 0 7 19 28 
401 8 0 7 20 31 
414 1 0 9 26 32 
416 8 0 9 27 34 
407 5 0 8 23 34 
401 11 9 20 34 44 
411 11 15 30 48 57 
408 8 3 23 48 59 
387 3 2 19 43 55 
