227 1 103 181 209 196 
250 0 31 94 186 184 
266 6 10 49 154 164 
281 0 5 30 123 142 
287 0 0 11 89 110 
282 0 0 2 65 89 
262 0 1 9 58 81 
274 14 0 11 58 70 
291 2 0 10 51 67 
299 5 0 11 48 63 
307 0 0 6 43 63 
307 3 5 16 49 69 
278 21 8 22 62 76 
278 8 11 27 67 78 
294 2 5 22 58 75 
299 4 2 19 52 68 
309 6 4 19 51 65 
312 13 2 18 48 61 
316 4 4 18 45 53 
318 0 0 8 36 43 
314 0 0 4 27 35 
321 0 0 9 26 37 
337 2 0 11 33 35 
332 5 0 11 35 38 
333 2 0 11 34 37 
347 2 0 9 30 43 
363 12 10 22 42 58 
370 2 13 28 58 65 
379 11 12 27 54 65 
387 11 0 18 48 59 
408 10 5 19 46 56 
413 9 5 20 45 56 
416 2 5 20 43 54 
425 0 0 9 31 43 
478 3 0 2 24 31 
470 5 0 1 20 27 
484 5 0 3 18 29 
491 0 0 7 25 32 
516 6 0 10 24 30 
492 0 0 8 28 35 
470 1 0 8 29 38 
463 11 8 19 43 49 
421 16 16 29 49 60 
425 6 15 29 50 58 
422 9 6 23 52 57 
421 3 9 23 50 56 
427 12 7 23 43 53 
372 3 6 21 47 52 
375 2 0 7 32 39 
376 0 0 2 22 27 
380 0 0 0 15 26 
385 0 0 7 19 29 
371 3 0 7 25 31 
372 4 0 7 26 32 
372 6 0 7 26 33 
369 0 0 9 25 39 
364 11 8 21 43 49 
362 8 12 27 52 58 
