36 0 88 167 190 178 
50 0 13 79 169 166 
59 0 0 31 137 149 
66 0 0 12 115 130 
65 0 0 4 95 118 
69 0 0 3 79 103 
69 0 0 2 68 92 
71 0 0 2 59 82 
75 0 0 3 54 75 
77 0 0 3 50 69 
76 0 0 3 42 65 
67 0 0 3 44 62 
55 0 0 1 40 58 
54 0 0 0 33 54 
62 0 0 1 31 52 
67 0 0 2 35 51 
74 0 0 2 30 49 
76 0 0 3 29 47 
87 0 0 3 33 47 
89 0 0 5 34 46 
88 0 3 14 32 48 
96 10 17 26 39 45 
101 29 32 37 47 53 
86 40 43 48 56 56 
91 38 46 53 62 61 
86 56 58 62 68 66 
82 48 57 64 73 70 
77 43 54 64 75 74 
69 56 60 67 82 77 
65 71 72 76 83 80 
65 67 73 79 86 83 
64 57 67 77 87 85 
59 55 64 74 91 86 
56 64 68 75 87 86 
52 45 59 70 84 85 
43 48 57 67 82 83 
35 45 54 65 80 82 
43 42 51 62 78 80 
49 32 44 57 79 78 
54 18 34 49 69 74 
60 6 23 40 64 70 
63 0 13 31 58 66 
66 0 3 21 55 62 
71 0 0 14 43 60 
73 0 0 10 42 52 
74 0 0 10 34 51 
64 0 0 7 31 48 
62 0 0 4 28 45 
62 0 0 0 25 42 
66 0 0 0 22 39 
70 0 0 0 20 37 
71 0 0 0 22 34 
75 0 0 0 21 33 
75 0 0 0 21 32 
77 0 0 0 21 32 
77 0 0 0 21 32 
75 0 0 0 21 32 
75 0 0 0 23 33 
63 0 0 0 23 33 
61 0 0 0 22 32 
60 0 0 0 18 32 
66 0 0 0 18 33 
69 0 0 0 22 32 
