24 0 80 164 193 182 
27 0 0 68 172 168 
34 0 0 18 132 147 
38 0 0 1 104 128 
39 0 0 0 86 113 
40 0 0 0 66 97 
41 0 0 0 60 85 
41 0 0 0 52 76 
40 0 0 0 42 68 
46 0 0 0 37 62 
46 0 0 0 34 58 
47 0 0 0 36 55 
47 0 0 0 34 52 
61 0 0 0 32 49 
88 0 0 0 26 47 
108 0 0 0 25 46 
123 0 0 0 26 45 
133 0 0 0 31 44 
127 0 0 0 26 44 
122 0 0 0 26 43 
120 0 0 0 25 43 
135 0 0 2 30 42 
132 0 0 4 31 42 
128 0 0 3 26 42 
123 0 0 3 26 42 
133 0 0 3 30 42 
139 0 0 2 29 42 
115 0 0 6 31 42 
100 0 0 8 28 43 
73 0 5 16 37 41 
59 52 43 43 49 47 
70 68 64 63 60 56 
66 97 89 84 77 68 
64 101 100 97 94 79 
58 98 101 102 102 87 
49 98 102 105 108 94 
36 99 103 106 112 99 
30 72 86 96 104 105 
24 70 79 89 100 105 
18 51 65 79 98 97 
13 50 60 72 89 93 
12 29 46 61 82 88 
10 26 40 54 76 82 
11 8 26 43 69 77 
12 0 18 34 62 71 
14 0 9 26 54 66 
14 0 0 18 47 60 
14 0 0 12 40 58 
17 0 0 11 41 54 
20 0 0 9 33 50 
21 0 0 5 34 47 
23 0 0 1 31 44 
27 0 0 0 28 41 
30 0 0 0 21 38 
32 0 0 0 19 36 
33 0 0 0 22 35 
34 0 0 0 16 33 
33 0 0 0 20 32 
34 0 0 0 15 31 
30 0 0 0 14 31 
31 0 0 0 19 30 
32 0 0 0 14 30 
34 0 0 0 14 29 
36 0 0 0 14 29 
37 0 0 0 18 29 
32 0 0 0 14 29 
27 0 0 0 18 29 
30 0 0 0 14 28 
31 0 0 0 18 28 
34 0 0 0 13 28 
37 0 0 0 18 28 
34 0 0 0 14 28 
35 0 0 0 18 29 
34 0 0 0 13 28 
35 0 0 0 18 28 
