18 0 81 164 193 177 
25 0 1 69 167 165 
28 0 0 20 132 145 
33 0 0 2 109 130 
35 0 0 0 87 113 
34 0 0 0 67 98 
38 0 0 0 57 86 
37 0 0 0 53 77 
35 0 0 0 48 70 
38 0 0 0 38 63 
38 0 0 0 35 59 
45 0 0 0 36 55 
45 0 0 0 34 52 
59 0 0 0 32 49 
68 0 0 0 26 47 
81 0 0 0 30 45 
82 0 0 0 24 44 
97 0 0 0 29 43 
108 0 0 0 24 42 
106 0 0 0 24 42 
120 0 0 1 25 42 
124 0 0 2 25 42 
120 0 0 1 24 42 
116 0 0 0 28 41 
119 0 0 0 27 40 
109 0 0 0 23 39 
99 0 0 0 26 38 
91 0 0 0 26 37 
77 0 0 0 25 36 
58 0 0 0 19 36 
43 0 0 2 26 36 
36 0 0 7 24 38 
40 19 19 25 33 38 
51 29 33 39 44 44 
51 36 42 48 52 50 
49 46 51 56 64 57 
44 42 50 59 65 62 
36 60 62 67 71 67 
27 53 61 69 75 72 
20 43 55 65 76 73 
16 35 48 60 74 73 
16 35 45 57 72 72 
17 27 39 52 69 71 
14 8 26 42 68 68 
10 0 17 33 57 63 
13 0 14 29 53 60 
16 0 9 25 53 58 
19 0 2 18 44 58 
22 0 0 13 43 51 
24 0 0 8 33 50 
25 0 0 5 35 47 
26 0 0 4 27 44 
28 0 0 1 24 41 
29 0 0 0 27 39 
31 0 0 0 25 37 
28 0 0 0 19 35 
23 0 0 0 23 34 
27 0 0 0 22 33 
31 0 0 0 22 33 
33 0 0 0 21 32 
37 0 0 0 20 31 
45 0 0 0 20 31 
46 0 0 0 15 30 
45 0 0 0 18 30 
45 0 0 0 18 30 
45 0 0 0 18 29 
48 0 0 0 14 29 
38 0 0 0 14 28 
40 0 0 0 13 28 
40 0 0 0 13 28 
41 0 0 0 17 28 
