28 0 79 162 191 175 
29 0 0 68 164 163 
31 0 0 18 130 143 
38 0 0 0 102 125 
39 0 0 0 85 111 
41 0 0 0 70 96 
44 0 0 0 55 85 
47 0 0 0 52 75 
49 0 0 0 46 68 
53 0 0 0 41 62 
53 0 0 0 38 57 
54 0 0 0 30 53 
53 0 0 0 33 50 
51 0 0 0 31 48 
51 0 0 0 30 46 
54 0 0 0 24 44 
67 0 0 0 27 43 
75 0 0 0 27 42 
101 0 0 0 22 40 
103 0 0 0 23 40 
101 0 0 0 23 40 
110 0 0 0 28 40 
113 0 0 0 28 40 
116 0 0 0 27 40 
99 0 0 0 27 39 
90 0 0 0 22 38 
80 0 0 0 21 37 
69 0 0 0 26 37 
53 0 0 0 25 37 
41 0 0 0 25 36 
30 0 0 1 22 37 
31 0 0 6 28 38 
28 0 7 16 29 38 
33 22 25 31 38 41 
41 21 31 39 46 46 
58 47 48 52 60 53 
57 53 57 61 63 59 
44 45 54 63 68 64 
42 52 58 66 72 68 
38 60 65 70 80 72 
38 55 63 71 82 74 
36 53 61 70 79 77 
36 59 64 71 81 79 
35 63 67 74 83 81 
37 44 57 68 80 80 
40 32 47 61 77 78 
42 16 33 50 71 75 
41 1 20 38 63 70 
34 0 9 28 55 66 
34 0 3 21 47 63 
41 0 0 14 41 58 
44 0 0 9 35 53 
46 0 0 5 30 48 
46 0 0 2 26 44 
48 0 0 0 23 40 
52 0 0 0 21 38 
51 0 0 0 24 36 
51 0 0 0 23 34 
51 0 0 0 21 33 
51 0 0 0 21 32 
41 0 0 0 20 31 
40 0 0 0 15 31 
44 0 0 0 14 30 
52 0 0 0 14 30 
53 0 0 0 17 28 
59 0 0 0 17 28 
61 0 0 0 17 28 
59 0 0 0 17 27 
59 0 0 0 16 27 
57 0 0 0 16 26 
55 0 0 0 16 26 
53 0 0 0 16 26 
