29 0 80 163 192 177 
35 0 0 68 165 164 
44 0 0 19 131 144 
50 0 0 1 102 125 
52 0 0 0 80 111 
56 0 0 0 66 96 
62 0 0 0 55 84 
64 0 0 0 48 75 
70 0 0 0 42 68 
70 0 0 0 38 62 
66 0 0 0 34 58 
76 0 0 0 32 54 
89 0 0 0 34 52 
97 0 0 0 34 50 
113 0 0 0 34 49 
140 0 0 3 30 48 
144 0 0 5 31 48 
134 0 0 6 35 48 
119 0 0 4 34 47 
99 0 0 4 34 46 
83 0 0 3 32 45 
68 0 0 2 27 44 
68 0 0 2 26 43 
55 0 0 1 29 42 
51 0 0 0 28 41 
32 0 0 0 23 40 
20 0 0 1 23 40 
15 0 1 12 28 38 
24 24 25 30 38 42 
28 69 59 56 58 52 
52 74 73 72 67 61 
54 64 72 77 76 69 
62 66 72 79 81 76 
48 61 69 78 88 80 
39 63 69 77 89 82 
34 57 66 75 85 83 
28 46 59 70 87 83 
19 40 52 64 84 81 
18 30 43 57 80 78 
18 14 31 47 73 74 
24 4 22 38 67 70 
24 0 11 28 60 64 
27 0 2 20 54 65 
30 0 0 14 42 55 
29 0 0 10 37 51 
28 0 0 7 32 50 
22 0 0 4 29 46 
28 0 0 1 25 43 
32 0 0 0 23 40 
34 0 0 0 21 38 
37 0 0 0 23 35 
40 0 0 0 18 34 
44 0 0 0 17 33 
46 0 0 0 16 32 
47 0 0 0 20 31 
47 0 0 0 18 31 
49 0 0 0 18 30 
44 0 0 0 13 30 
39 0 0 0 17 28 
44 0 0 0 13 28 
48 0 0 0 12 28 
51 0 0 0 17 28 
50 0 0 0 12 27 
50 0 0 0 12 27 
51 0 0 0 16 26 
54 0 0 0 12 26 
52 0 0 0 12 26 
