41 0 83 164 187 174 
48 0 4 72 165 163 
52 0 0 23 137 144 
57 0 0 4 109 127 
57 0 0 0 87 112 
61 0 0 0 73 98 
60 0 0 0 58 87 
55 0 0 0 55 78 
67 0 0 0 49 71 
70 0 0 0 40 64 
80 0 0 0 36 60 
81 0 0 0 39 57 
81 0 0 0 36 53 
96 0 0 0 30 51 
103 0 0 0 28 48 
100 0 0 0 27 47 
90 0 0 0 27 45 
80 0 0 0 26 44 
67 0 0 0 31 44 
54 0 0 0 25 43 
42 0 0 5 27 43 
42 0 0 11 34 41 
44 2 10 20 39 42 
43 7 17 27 41 46 
46 20 27 35 47 50 
41 35 39 46 54 55 
47 91 77 72 69 64 
51 89 88 87 82 73 
53 75 83 88 87 80 
56 58 71 82 89 84 
47 75 78 84 91 87 
44 57 68 79 90 88 
49 64 69 78 93 87 
53 50 62 73 87 88 
54 32 49 63 82 85 
55 20 36 52 75 81 
56 8 25 42 72 75 
61 0 15 33 60 68 
62 0 9 26 58 65 
62 0 10 24 49 59 
64 0 3 19 45 56 
61 0 0 13 39 56 
51 0 0 8 38 51 
48 0 0 2 28 47 
52 0 0 0 24 42 
57 0 0 0 26 39 
58 0 0 0 19 36 
60 0 0 0 18 34 
61 0 0 0 21 34 
61 0 0 0 21 33 
62 0 0 0 16 32 
61 0 0 0 20 32 
65 0 0 0 20 32 
58 0 0 0 15 31 
48 0 0 0 15 30 
40 0 0 0 14 30 
35 0 0 0 18 29 
29 0 0 0 18 28 
39 0 0 0 17 28 
46 0 0 0 13 28 
