9 41 145 204 222 197 
11 41 85 134 214 199 
12 41 63 95 184 192 
12 41 56 76 159 177 
12 41 54 68 139 162 
13 41 54 65 125 148 
14 41 54 64 115 138 
14 41 54 64 109 130 
13 42 54 64 103 124 
13 42 54 64 98 112 
13 42 55 65 96 108 
13 42 55 65 95 105 
13 42 55 65 93 103 
13 41 54 65 91 100 
13 41 54 64 89 97 
13 41 54 64 88 95 
13 41 53 64 86 94 
13 40 53 64 85 92 
13 41 53 63 84 90 
14 41 53 63 84 89 
23 42 53 63 83 89 
22 42 54 64 83 88 
33 44 54 64 83 87 
28 43 54 65 87 87 
38 44 55 65 87 87 
28 43 55 65 87 87 
23 42 54 64 82 87 
16 41 54 64 81 85 
12 41 54 64 81 85 
7 40 53 64 80 84 
4 39 53 63 80 84 
0 39 53 63 79 83 
0 39 53 63 79 82 
0 38 53 63 79 82 
0 38 53 63 79 82 
0 39 53 63 79 82 
0 39 53 63 79 81 
0 39 53 63 79 82 
0 39 54 64 79 82 
0 39 54 64 79 82 
0 40 53 64 79 81 
19 41 54 64 83 81 
47 44 54 64 79 82 
49 44 54 64 83 81 
41 43 53 64 79 81 
34 42 53 63 78 80 
29 41 53 63 82 80 
26 41 53 63 78 80 
23 41 53 63 77 80 
21 41 53 63 77 79 
20 41 53 63 77 79 
19 41 53 63 82 80 
18 41 53 64 82 80 
17 41 54 64 79 80 
17 41 54 64 78 80 
17 41 54 64 79 80 
17 41 53 63 78 80 
17 41 53 63 78 80 
17 40 53 63 77 79 
17 41 52 63 77 79 
16 40 52 63 77 79 
16 40 52 63 77 78 
17 40 52 62 76 78 
17 40 52 63 77 78 
16 41 52 62 77 78 
16 41 53 63 77 79 
