16 42 144 202 219 195 
16 42 85 133 212 197 
17 42 64 95 183 191 
18 43 57 77 162 176 
19 43 56 69 144 162 
19 43 56 66 130 150 
19 43 56 65 121 139 
19 43 55 65 113 131 
19 43 55 65 107 124 
19 43 55 65 103 119 
19 42 55 65 99 109 
18 42 54 65 97 104 
19 41 54 64 95 101 
17 42 54 64 90 99 
18 42 54 64 93 96 
17 42 54 64 88 95 
18 42 54 64 91 94 
19 43 55 65 91 93 
20 43 55 65 85 92 
20 43 55 65 85 91 
21 43 55 65 85 90 
20 43 55 65 84 89 
21 42 55 65 84 89 
26 43 55 65 84 88 
46 45 54 64 83 87 
50 45 54 64 81 85 
38 44 54 64 85 85 
32 44 54 64 80 84 
22 42 54 64 80 84 
13 41 54 64 80 84 
5 40 54 64 80 83 
0 40 54 64 80 84 
0 39 54 64 80 84 
0 39 54 64 80 84 
0 39 54 65 80 84 
0 39 54 64 80 83 
0 39 54 64 80 83 
0 39 54 64 80 82 
0 39 54 64 79 82 
0 39 53 64 79 81 
8 40 53 64 79 81 
24 42 53 63 79 81 
31 43 54 63 78 80 
31 43 53 63 78 80 
28 42 54 64 82 80 
26 43 53 64 78 81 
24 42 54 64 79 81 
23 42 54 64 79 81 
22 42 54 64 79 81 
21 42 54 64 79 81 
20 42 54 64 79 80 
20 42 54 64 79 81 
19 42 54 64 83 81 
19 42 54 63 83 80 
19 42 53 63 82 80 
19 41 53 63 82 79 
19 41 53 63 82 79 
20 41 53 63 77 79 
20 41 53 63 77 79 
19 41 53 64 82 79 
20 42 54 64 78 79 
20 42 54 64 77 78 
21 42 54 64 78 80 
21 42 54 64 78 80 
21 42 54 64 78 80 
22 42 54 64 78 79 
22 42 53 64 78 80 
23 41 53 64 78 79 
22 41 53 64 78 79 
