16 42 144 202 221 196 
16 42 85 133 212 198 
17 42 63 94 182 191 
17 42 57 76 159 177 
17 43 55 68 139 162 
17 43 55 65 126 149 
18 43 55 64 119 138 
17 43 55 65 109 131 
17 43 55 65 104 124 
18 43 56 65 103 118 
18 42 55 65 100 114 
18 43 55 65 97 106 
18 42 54 65 96 102 
17 42 54 64 90 99 
19 42 54 64 92 96 
19 42 54 64 91 95 
22 42 54 64 86 93 
26 43 54 64 85 92 
40 45 54 64 84 90 
46 46 55 65 85 90 
43 45 55 65 84 90 
30 44 55 65 84 89 
22 43 55 65 84 89 
13 42 55 65 83 88 
5 41 55 65 83 87 
0 40 54 65 83 87 
0 39 54 64 82 86 
0 39 53 64 81 85 
0 38 53 64 80 85 
0 37 53 63 80 83 
0 38 53 63 80 83 
0 38 53 63 79 83 
0 38 53 63 79 82 
3 40 54 64 79 82 
22 43 54 64 79 83 
37 44 54 64 80 83 
35 44 55 64 80 82 
34 44 55 65 80 83 
31 43 55 64 80 83 
29 43 54 64 84 83 
26 43 54 64 80 83 
25 42 53 63 79 82 
24 42 54 64 79 81 
23 41 53 63 79 81 
22 42 53 63 78 80 
21 42 54 64 78 80 
21 41 54 64 78 80 
21 42 53 64 78 80 
21 42 54 64 78 80 
21 42 54 64 78 80 
21 42 54 65 79 81 
20 42 54 65 79 81 
20 42 54 65 79 81 
20 42 54 64 79 81 
21 42 54 64 79 81 
21 41 53 64 79 80 
21 41 53 63 78 80 
21 41 53 63 78 79 
21 41 53 63 77 79 
21 41 53 63 77 79 
21 41 53 63 77 79 
21 41 53 63 77 79 
20 42 53 63 77 78 
