13 42 145 203 223 199 
14 43 86 134 214 200 
15 43 64 95 184 193 
15 43 58 77 159 178 
16 44 56 69 141 164 
16 44 56 67 127 151 
17 44 56 66 118 141 
17 44 56 66 110 132 
17 44 56 66 105 126 
17 44 56 66 100 120 
17 43 56 66 97 110 
17 43 55 65 95 106 
18 43 55 65 97 103 
18 43 55 65 96 100 
18 43 55 64 94 98 
18 43 54 64 92 96 
18 43 55 65 91 94 
18 43 55 65 91 93 
18 43 56 65 91 93 
20 43 56 66 86 92 
20 44 56 66 85 91 
19 44 56 66 90 91 
19 43 56 66 89 90 
20 44 56 66 84 90 
24 44 56 66 84 89 
26 44 55 65 83 88 
28 44 55 65 86 87 
24 43 55 65 82 86 
22 43 55 64 82 86 
15 42 54 64 81 85 
9 41 55 64 81 85 
4 41 55 65 81 84 
1 41 55 65 81 84 
0 41 55 65 81 84 
4 41 55 65 81 84 
4 41 55 65 81 84 
3 41 55 65 81 84 
3 41 55 65 81 84 
4 41 55 65 81 83 
8 41 55 65 81 83 
12 41 54 64 80 83 
19 42 54 64 84 82 
25 42 54 64 80 82 
26 43 54 64 80 81 
24 42 54 63 79 82 
23 43 54 64 79 81 
21 43 54 64 79 81 
21 43 55 65 79 81 
20 43 55 65 80 82 
19 43 55 65 84 82 
19 42 55 65 85 82 
18 43 54 65 84 82 
18 43 55 65 84 82 
19 42 55 65 84 82 
19 42 54 64 84 81 
19 42 54 64 83 81 
19 42 54 64 83 80 
19 42 54 64 83 80 
19 41 54 64 83 80 
19 41 54 64 83 80 
19 42 54 64 82 80 
19 42 54 64 83 80 
19 42 54 64 83 80 
19 42 55 65 83 81 
19 42 55 65 83 80 
19 43 55 65 83 81 
19 42 55 65 83 81 
19 42 54 64 83 80 
19 42 54 64 83 80 
19 41 54 64 82 79 
19 42 54 64 82 79 
19 41 53 63 82 79 
18 41 53 63 81 79 
