14 43 145 203 223 199 
15 43 86 134 214 200 
15 43 65 95 184 193 
16 43 58 77 159 178 
17 42 56 69 140 162 
17 43 55 66 127 150 
17 42 55 64 116 139 
17 42 54 64 108 130 
17 42 55 64 103 123 
18 43 55 64 103 119 
17 43 55 64 96 109 
18 43 56 65 99 105 
18 43 55 65 97 102 
18 43 56 66 96 101 
18 43 56 66 95 99 
18 43 56 66 94 97 
18 43 55 65 92 96 
18 42 55 65 91 94 
18 42 55 65 90 92 
18 42 55 65 89 91 
18 42 55 65 89 90 
18 42 54 64 87 88 
18 42 55 65 87 88 
18 42 55 65 87 88 
18 42 55 65 87 88 
18 43 55 65 87 87 
19 44 55 65 87 87 
19 43 55 65 87 87 
30 45 56 65 82 86 
35 45 55 65 82 87 
34 44 55 65 82 86 
31 44 55 65 81 85 
29 43 54 65 85 85 
19 42 54 64 85 84 
11 41 54 64 80 83 
6 40 54 64 80 83 
4 40 54 64 80 82 
2 40 54 64 79 82 
13 41 54 64 80 83 
10 42 54 65 80 83 
8 41 54 65 80 82 
14 42 55 65 80 83 
26 43 55 65 80 82 
32 44 55 65 80 82 
31 44 55 65 80 82 
28 43 55 65 84 82 
25 43 54 65 80 82 
24 42 54 64 79 81 
22 42 54 64 79 81 
21 42 54 64 79 81 
20 42 54 64 78 80 
21 42 54 64 78 80 
21 42 54 64 78 80 
21 42 54 64 79 80 
21 43 54 64 79 81 
21 43 54 65 79 81 
21 43 55 65 79 81 
22 42 55 65 79 81 
21 43 55 65 79 81 
21 42 54 64 79 81 
21 42 54 64 78 80 
21 42 54 64 78 80 
21 42 54 64 78 80 
21 41 53 63 78 79 
21 41 53 63 77 79 
21 42 53 63 77 79 
21 42 54 64 77 79 
21 42 54 64 77 79 
20 43 54 64 78 79 
20 42 54 64 78 79 
