19 43 146 205 224 199 
21 43 86 135 217 202 
21 44 65 96 186 195 
21 43 58 77 161 179 
22 43 56 69 141 164 
23 43 54 66 127 151 
23 43 54 64 116 140 
23 42 54 64 108 130 
22 42 54 64 102 124 
22 42 54 64 98 113 
22 43 54 64 96 108 
23 43 54 64 94 104 
24 43 55 64 92 102 
24 43 55 65 91 100 
25 44 55 65 90 98 
25 44 55 65 89 96 
30 44 55 65 87 94 
34 45 55 65 87 94 
42 45 55 65 86 93 
56 46 55 65 85 91 
61 47 55 65 84 90 
55 46 54 65 83 89 
64 47 55 65 83 88 
54 46 54 64 83 88 
43 45 54 64 82 87 
34 44 54 64 81 86 
25 43 55 65 82 86 
19 43 55 65 86 86 
13 42 55 65 82 86 
9 42 54 65 81 85 
6 41 55 65 82 85 
3 41 55 65 81 85 
1 40 54 65 81 84 
0 40 54 64 80 84 
0 40 54 64 79 83 
0 39 54 64 80 83 
0 39 53 63 79 82 
0 39 53 63 79 82 
0 40 53 63 79 81 
8 40 54 64 79 81 
13 40 54 64 79 82 
23 42 54 64 79 82 
33 44 54 65 80 82 
33 44 55 65 79 82 
32 44 55 65 80 83 
29 43 54 65 84 82 
26 43 54 64 79 82 
27 43 54 64 79 81 
30 43 54 64 79 81 
35 43 54 64 79 81 
37 43 53 63 78 80 
40 44 53 63 77 79 
42 44 53 64 78 80 
39 43 54 64 82 80 
37 44 54 64 78 80 
36 44 54 64 79 80 
36 44 54 64 78 80 
35 44 55 64 79 81 
37 44 55 65 79 81 
35 44 55 64 79 81 
36 44 54 64 78 80 
36 44 54 64 79 80 
35 43 54 63 79 80 
35 44 54 63 78 79 
34 43 54 63 78 79 
35 43 53 63 78 79 
35 43 54 63 77 79 
34 43 54 64 78 79 
33 43 54 64 78 79 
32 43 54 64 77 79 
36 44 54 65 78 79 
35 44 54 64 78 80 
35 44 54 64 78 80 
34 44 54 64 78 79 
