8 0 79 162 207 201 
14 0 0 66 177 182 
18 0 0 16 138 157 
21 0 0 0 112 135 
23 0 0 0 89 119 
22 0 0 0 69 103 
26 0 0 0 57 90 
26 0 0 0 49 80 
26 0 0 0 43 72 
18 0 0 0 39 66 
21 0 0 0 39 61 
23 0 0 0 37 57 
27 0 0 0 37 55 
34 0 0 8 37 56 
57 3 10 19 47 53 
137 9 18 27 49 56 
315 21 28 36 54 63 
514 33 38 44 60 63 
509 23 34 44 63 70 
540 29 37 46 64 67 
516 24 36 47 66 69 
453 18 31 43 64 69 
386 18 29 41 67 72 
333 21 30 41 62 71 
322 8 23 38 61 67 
273 5 20 34 63 66 
229 4 18 32 57 64 
199 0 12 27 53 62 
178 0 8 24 55 60 
165 0 7 22 52 59 
160 0 5 20 49 57 
160 0 6 20 47 54 
144 0 2 17 41 52 
128 0 0 15 43 50 
116 0 0 13 37 47 
94 0 0 12 36 50 
120 0 0 9 33 49 
185 0 0 7 31 47 
190 0 0 5 34 46 
176 0 0 4 33 45 
161 0 0 3 27 44 
146 0 0 2 26 42 
132 0 0 1 29 41 
129 0 0 0 24 40 
111 0 0 0 27 39 
108 0 0 0 21 38 
124 0 0 0 20 36 
124 0 0 0 20 35 
126 0 0 0 18 34 
125 0 0 0 17 33 
124 0 0 0 17 32 
124 0 0 0 16 32 
129 0 0 0 15 31 
141 0 0 0 15 31 
148 0 0 0 15 31 
145 0 0 0 15 31 
133 0 0 0 19 31 
143 0 0 0 15 31 
136 0 0 0 19 30 
142 0 0 0 14 30 
144 0 0 0 13 29 
142 0 0 0 13 28 
150 0 0 0 17 28 
151 0 0 0 17 28 
148 0 0 0 13 28 
142 0 0 0 13 28 
142 0 0 0 13 28 
134 0 0 0 18 29 
117 0 0 0 18 29 
119 0 0 0 17 29 
126 0 0 0 12 28 
133 0 0 0 17 28 
138 0 0 0 17 28 
141 0 0 0 12 28 
143 0 0 0 12 27 
