0 0 77 161 190 179 
0 0 0 65 165 166 
0 0 0 16 130 145 
0 0 0 0 101 129 
0 0 0 0 80 105 
0 0 0 0 65 90 
0 0 0 0 56 82 
0 0 0 0 48 73 
0 0 0 0 43 65 
0 0 0 0 38 55 
0 0 0 0 34 51 
0 0 0 0 32 47 
0 0 0 0 30 48 
0 0 0 0 28 41 
0 0 0 0 26 39 
0 0 0 0 26 38 
0 0 0 0 29 42 
16 0 0 10 38 43 
118 18 20 26 42 47 
224 31 35 40 50 52 
352 27 37 46 57 57 
313 17 32 44 59 60 
302 16 29 42 59 61 
292 25 33 43 64 67 
303 21 32 43 61 68 
293 17 29 42 64 68 
224 14 28 40 59 67 
166 12 24 37 58 66 
122 8 21 35 56 61 
103 0 16 31 54 60 
74 0 11 28 56 58 
54 0 11 25 53 56 
33 0 3 19 50 59 
19 0 0 14 40 51 
8 0 0 14 38 53 
0 0 0 13 35 51 
0 0 0 11 33 49 
0 0 0 10 32 47 
0 0 0 9 30 44 
0 0 0 8 31 39 
0 0 0 5 29 37 
0 0 0 4 28 36 
0 0 0 2 27 34 
0 0 0 2 26 34 
0 0 0 1 25 37 
0 0 0 2 25 33 
0 0 0 1 25 32 
0 0 0 0 24 31 
0 0 0 0 23 30 
0 0 0 0 22 30 
0 0 0 0 21 28 
0 0 0 0 20 27 
6 0 0 0 19 30 
6 0 0 0 18 29 
12 0 0 0 17 30 
13 0 0 0 20 30 
13 0 0 0 19 29 
13 0 0 0 18 29 
14 0 0 0 14 28 
14 0 0 0 14 28 
17 0 0 0 17 28 
17 0 0 0 17 28 
14 0 0 0 13 28 
8 0 0 0 12 25 
10 0 0 0 13 26 
11 0 0 0 17 27 
15 0 0 0 17 26 
15 0 0 0 16 26 
15 0 0 0 16 26 
30 0 0 0 11 26 
29 0 0 0 15 26 
