67 0 77 160 186 175 
78 0 0 65 163 163 
75 0 0 16 129 143 
77 0 0 0 105 124 
89 0 0 0 84 110 
96 0 0 0 64 95 
101 0 0 0 53 83 
105 0 0 0 45 74 
106 0 0 0 40 66 
107 0 0 0 35 60 
109 0 0 0 32 56 
110 0 0 0 37 54 
114 0 0 6 40 54 
110 0 8 17 40 52 
204 0 11 22 43 52 
283 4 15 27 48 55 
416 12 21 32 51 57 
383 14 24 34 58 63 
334 12 23 34 55 63 
302 15 25 37 56 61 
343 12 24 36 57 65 
287 3 18 33 55 60 
242 0 12 28 56 58 
206 0 12 27 49 56 
174 0 9 24 52 57 
146 0 7 22 45 54 
116 0 8 22 44 52 
97 0 6 20 47 52 
82 0 5 19 46 52 
69 0 5 18 40 54 
58 0 3 18 39 50 
50 0 5 18 38 49 
44 0 0 16 36 48 
43 0 0 13 39 50 
36 0 0 10 37 44 
29 0 0 8 35 46 
24 0 0 7 29 45 
26 0 0 6 28 43 
17 0 0 5 30 42 
11 0 0 5 30 41 
12 0 0 6 25 40 
11 0 0 6 30 40 
11 0 0 4 29 39 
13 0 0 3 29 39 
12 0 0 1 23 38 
16 0 0 0 21 37 
25 0 0 0 25 36 
49 0 0 0 24 35 
65 0 0 0 23 34 
62 0 0 0 17 33 
56 0 0 0 16 32 
62 0 0 0 16 31 
69 0 0 0 19 30 
76 0 0 0 14 29 
80 0 0 0 14 29 
82 0 0 0 14 29 
82 0 0 0 13 28 
83 0 0 0 17 28 
82 0 0 0 13 27 
83 0 0 0 17 28 
81 0 0 0 17 27 
70 0 0 0 13 27 
65 0 0 0 17 27 
66 0 0 0 13 27 
75 0 0 0 17 27 
79 0 0 0 17 27 
80 0 0 0 12 26 
79 0 0 0 16 26 
83 0 0 0 15 26 
