0 0 77 161 188 177 
0 0 0 65 164 164 
2 0 0 15 129 143 
6 0 0 0 100 127 
7 0 0 0 78 103 
3 0 0 0 65 93 
3 0 0 0 54 81 
6 0 0 0 48 67 
2 0 0 0 42 61 
5 0 0 0 38 55 
7 0 0 0 35 55 
6 0 0 0 32 47 
8 0 0 0 30 48 
9 0 0 0 28 41 
9 0 0 0 28 40 
12 0 0 0 29 45 
19 0 0 8 37 48 
22 0 9 18 42 50 
37 9 17 26 47 49 
75 26 31 37 50 53 
128 27 35 42 55 61 
156 36 42 50 61 65 
154 46 50 57 66 65 
139 43 51 59 69 72 
124 45 53 62 72 76 
127 39 50 60 74 78 
102 34 45 57 73 75 
80 25 38 51 69 73 
88 11 27 43 69 71 
62 10 24 39 62 68 
42 7 21 35 58 65 
30 7 20 33 56 62 
16 0 12 28 57 59 
8 0 12 26 49 56 
0 0 9 24 47 59 
0 0 4 20 43 53 
0 0 0 16 39 54 
0 0 0 13 36 52 
0 0 0 8 32 47 
0 0 0 5 30 44 
0 0 0 4 29 38 
0 0 0 2 28 36 
0 0 0 1 26 34 
0 0 0 0 25 37 
0 0 0 0 24 36 
0 0 0 0 24 31 
0 0 0 0 23 30 
7 0 0 0 23 30 
8 0 0 0 22 33 
15 0 0 0 26 34 
25 0 0 0 24 34 
27 0 0 0 22 33 
17 0 0 0 20 31 
22 0 0 0 15 30 
23 0 0 0 19 30 
25 0 0 0 18 29 
27 0 0 0 18 29 
28 0 0 0 13 28 
30 0 0 0 13 28 
30 0 0 0 13 28 
31 0 0 0 17 27 
29 0 0 0 17 28 
28 0 0 0 12 27 
25 0 0 0 16 27 
15 0 0 0 16 26 
17 0 0 0 16 26 
19 0 0 0 16 26 
13 0 0 0 16 26 
10 0 0 0 11 25 
13 0 0 0 15 25 
