98 0 79 162 209 197 
110 0 0 66 175 179 
118 0 0 16 137 155 
121 0 0 0 107 133 
121 0 0 0 84 117 
109 0 0 0 68 101 
117 0 0 0 62 89 
122 0 0 0 49 79 
128 0 0 0 43 72 
131 0 0 0 43 66 
138 0 0 0 40 61 
140 0 0 0 33 57 
143 0 0 0 31 54 
144 0 0 4 34 54 
149 0 3 14 38 51 
185 25 26 30 51 54 
251 26 35 41 55 63 
328 38 43 49 62 67 
475 47 51 56 68 72 
472 40 49 58 72 72 
410 33 44 55 72 78 
401 42 48 57 73 79 
381 38 47 56 77 76 
324 39 47 56 74 77 
284 34 45 56 78 78 
245 27 40 52 72 76 
230 24 35 48 69 78 
204 19 32 46 67 73 
175 15 29 42 65 71 
160 7 22 36 65 68 
137 0 16 31 57 64 
119 2 15 29 53 61 
109 0 13 28 51 59 
99 0 9 23 49 58 
91 0 7 22 46 56 
80 0 9 22 44 55 
75 8 17 27 49 53 
72 0 11 25 46 53 
70 0 6 21 44 53 
68 0 0 17 41 51 
57 0 0 13 42 49 
62 0 0 9 34 51 
69 0 0 6 35 48 
75 0 0 5 32 46 
83 0 0 4 31 44 
86 0 0 3 26 42 
92 0 0 3 25 41 
116 0 0 1 28 39 
115 0 0 1 27 38 
116 0 0 0 26 38 
119 0 0 0 25 36 
115 0 0 0 24 36 
120 0 0 0 23 35 
139 0 0 0 23 34 
170 0 0 0 22 34 
163 0 0 0 17 33 
149 0 0 0 17 32 
138 0 0 0 20 32 
131 0 0 0 20 32 
121 0 0 0 15 31 
115 0 0 0 19 30 
115 0 0 0 19 30 
112 0 0 0 19 30 
97 0 0 0 18 29 
85 0 0 0 18 29 
88 0 0 0 14 29 
92 0 0 0 14 29 
