67 0 78 162 191 181 
81 0 0 66 166 167 
90 0 0 17 130 146 
96 0 0 0 102 126 
99 0 0 0 85 112 
102 0 0 0 65 97 
104 0 0 0 54 84 
105 0 0 0 46 75 
104 0 0 0 41 68 
105 0 0 0 35 61 
94 0 0 0 32 56 
80 0 0 0 30 53 
88 0 0 0 27 50 
93 0 0 0 30 48 
98 0 0 0 24 46 
98 0 0 0 23 44 
102 0 0 0 21 42 
104 0 0 0 21 40 
106 0 0 0 19 39 
107 0 0 0 19 37 
107 0 0 0 18 37 
108 0 0 0 18 36 
91 0 0 0 21 34 
115 0 0 0 21 34 
112 0 0 0 21 34 
110 0 0 1 25 36 
114 0 0 4 27 38 
128 1 8 16 34 36 
163 24 26 32 40 42 
220 28 34 42 48 48 
242 36 42 50 56 55 
271 33 43 52 61 63 
277 30 41 51 63 65 
257 26 38 50 63 64 
251 21 34 46 62 68 
278 19 32 44 61 67 
240 16 29 41 59 66 
203 9 23 37 56 60 
174 12 24 36 55 60 
142 9 22 35 58 59 
123 8 20 34 52 57 
106 5 18 32 50 56 
92 3 16 30 51 56 
80 0 13 27 49 54 
69 0 8 23 46 58 
53 0 8 22 48 52 
42 0 4 20 45 50 
35 0 5 19 39 53 
29 1 12 23 40 47 
33 0 11 24 41 47 
28 0 6 20 40 51 
30 0 1 17 37 46 
26 0 0 14 39 45 
16 0 0 11 37 43 
7 0 0 8 30 43 
6 0 0 8 29 37 
6 0 0 7 28 36 
0 0 0 5 28 35 
0 0 0 4 27 34 
1 0 0 2 25 37 
14 0 0 2 26 38 
22 0 0 2 24 37 
35 0 0 1 27 36 
44 0 0 0 21 35 
52 0 0 0 20 35 
57 0 0 0 23 33 
62 0 0 0 17 32 
69 0 0 0 21 31 
72 0 0 0 16 31 
67 0 0 0 20 30 
63 0 0 0 19 30 
65 0 0 0 19 29 
65 0 0 0 19 30 
63 0 0 0 18 29 
62 0 0 0 14 28 
