18 0 77 161 191 175 
22 0 0 65 168 162 
27 0 0 16 133 142 
32 0 0 0 100 127 
34 0 0 0 79 109 
37 0 0 0 69 95 
40 0 0 0 53 84 
42 0 0 0 46 74 
43 0 0 0 45 67 
37 0 0 0 40 61 
29 0 0 0 38 57 
34 0 0 0 32 54 
43 0 0 4 38 53 
50 1 8 17 39 55 
64 22 25 32 47 54 
199 28 34 40 59 63 
255 26 35 44 59 65 
268 33 40 48 63 65 
241 31 41 50 66 72 
260 28 38 50 67 74 
248 28 38 49 67 70 
223 22 34 47 66 70 
176 19 31 45 65 70 
142 14 27 41 62 68 
111 8 22 36 60 66 
91 13 24 37 58 64 
77 6 20 34 61 63 
64 0 14 29 57 60 
53 0 14 28 50 57 
44 0 8 23 48 57 
38 0 5 20 44 54 
32 0 2 17 45 52 
30 0 0 14 38 50 
21 0 0 11 35 51 
21 0 0 9 36 48 
19 0 0 6 34 47 
20 0 0 6 29 45 
18 0 0 6 28 44 
18 0 0 6 28 43 
17 0 0 6 31 42 
17 0 0 4 30 41 
18 0 0 3 24 40 
16 0 0 1 23 39 
15 0 0 0 26 37 
12 0 0 0 20 35 
9 0 0 0 19 33 
12 0 0 0 21 34 
15 0 0 0 24 34 
19 0 0 0 24 34 
33 0 0 0 23 33 
44 0 0 0 17 32 
52 0 0 0 16 31 
56 0 0 0 15 31 
64 0 0 0 15 31 
64 0 0 0 15 30 
64 0 0 0 14 29 
55 0 0 0 18 29 
47 0 0 0 17 29 
50 0 0 0 13 28 
51 0 0 0 17 27 
51 0 0 0 16 26 
51 0 0 0 16 26 
55 0 0 0 16 26 
56 0 0 0 11 26 
58 0 0 0 11 25 
60 0 0 0 11 25 
61 0 0 0 16 26 
63 0 0 0 15 26 
59 0 0 0 16 26 
61 0 0 0 16 26 
61 0 0 0 16 26 
61 0 0 0 16 26 
63 0 0 0 16 26 
63 0 0 0 16 26 
65 0 0 0 15 25 
68 0 0 0 11 25 
67 0 0 0 15 25 
