0 22 135 196 227 204 
0 21 71 123 209 203 
0 21 49 82 179 193 
0 21 42 63 153 175 
0 21 40 55 133 158 
0 21 40 53 118 144 
0 22 40 52 109 133 
0 21 40 52 101 125 
0 22 40 52 95 113 
0 21 40 52 92 107 
0 21 40 52 89 102 
0 21 40 52 87 99 
0 20 39 52 84 95 
0 20 39 52 82 92 
0 20 39 51 80 89 
0 20 38 51 78 87 
0 20 38 51 77 85 
0 20 38 51 76 84 
0 20 39 51 75 82 
0 21 38 51 74 82 
0 21 39 51 74 81 
0 20 39 51 74 80 
0 21 39 52 74 80 
0 21 39 51 73 79 
0 20 39 51 73 79 
0 20 39 51 72 79 
0 20 39 51 72 78 
0 20 38 51 72 77 
0 20 38 51 71 76 
0 19 38 50 70 75 
0 19 37 50 70 74 
0 19 37 50 69 74 
0 19 37 50 69 73 
0 20 38 50 69 73 
0 20 38 50 69 73 
0 20 38 51 69 74 
0 22 38 51 69 74 
1 24 39 51 70 74 
6 25 39 51 70 74 
15 26 39 51 70 74 
7 25 39 51 70 74 
6 25 39 51 69 73 
10 25 38 51 69 73 
15 25 38 51 69 73 
10 24 38 50 68 72 
12 25 38 50 68 71 
9 24 38 50 68 71 
1 23 38 50 68 71 
0 23 38 50 67 71 
0 23 38 50 67 70 
0 23 38 50 68 71 
0 22 38 51 68 71 
0 21 38 51 68 72 
0 21 38 51 68 72 
0 21 38 51 68 72 
0 21 38 50 68 71 
0 20 38 51 68 71 
0 19 37 50 68 71 
0 19 37 50 67 70 
0 19 37 49 66 69 
0 18 37 49 66 69 
0 18 37 49 66 69 
0 18 37 49 66 69 
0 19 37 49 66 69 
0 19 37 49 66 69 
0 19 37 50 66 69 
0 19 37 50 67 69 
0 19 37 50 67 70 
