0 20 133 195 221 198 
0 20 70 122 205 197 
0 20 48 82 177 189 
0 20 41 63 151 172 
0 21 39 55 131 156 
0 21 39 52 117 142 
0 21 39 52 108 132 
0 20 39 51 100 124 
0 20 39 51 94 111 
0 20 39 51 90 105 
0 20 38 51 87 100 
0 20 38 51 84 96 
0 19 38 50 82 93 
0 19 37 50 79 90 
0 19 37 50 78 87 
0 19 37 50 76 85 
0 19 38 50 75 84 
0 19 38 50 74 82 
0 19 38 50 74 81 
0 20 38 50 74 81 
0 20 38 51 73 81 
0 19 38 51 73 80 
0 19 38 51 73 79 
0 19 38 50 72 78 
0 19 38 50 71 78 
0 19 37 50 71 77 
0 19 37 49 70 76 
0 18 37 49 70 75 
0 18 36 49 69 74 
0 18 37 49 69 73 
0 18 37 49 68 73 
0 19 37 49 68 73 
0 20 36 49 68 72 
0 20 37 50 68 73 
0 20 37 50 68 73 
0 21 38 50 68 73 
0 21 38 50 69 73 
0 22 37 50 68 73 
0 22 38 50 68 73 
0 22 37 49 68 72 
0 22 37 49 68 72 
0 22 37 49 67 71 
0 21 36 49 66 70 
0 21 36 49 66 70 
0 20 36 49 66 69 
0 20 36 49 66 69 
0 20 36 48 65 69 
0 20 36 49 66 70 
0 20 36 49 66 70 
0 20 36 49 66 70 
0 20 37 49 67 70 
0 20 37 50 67 70 
0 19 37 49 67 70 
0 19 37 49 67 70 
0 18 36 49 66 70 
0 18 36 48 65 69 
0 18 36 48 66 69 
0 17 35 48 65 68 
0 18 35 48 65 68 
0 17 35 48 65 68 
0 17 35 48 64 67 
0 18 35 48 65 67 
0 18 35 48 65 67 
0 18 36 48 65 68 
0 18 36 49 65 68 
0 18 37 49 65 69 
0 18 36 49 66 69 
0 17 36 49 66 69 
0 17 36 49 66 69 
0 17 35 48 65 68 
0 17 35 48 65 68 
0 17 35 48 64 67 
0 17 35 48 64 67 
0 16 35 47 64 66 
0 16 35 47 63 66 
0 16 35 48 63 66 
0 17 35 48 64 66 
0 17 35 48 64 67 
0 17 35 48 64 66 
