0 18 132 193 217 198 
0 18 69 121 201 193 
0 18 46 80 174 186 
0 19 39 61 148 169 
0 18 38 54 129 154 
0 18 37 51 115 141 
0 18 37 50 105 130 
0 18 37 49 97 115 
0 18 37 49 92 108 
0 18 36 49 88 102 
0 18 36 49 85 97 
0 17 36 48 82 93 
0 17 36 48 79 90 
0 17 35 48 77 87 
0 17 35 48 76 85 
0 17 35 47 74 83 
0 17 36 48 73 81 
0 18 36 48 72 80 
0 18 36 48 72 80 
0 18 36 49 72 79 
0 17 36 49 72 79 
0 17 36 49 71 78 
0 17 36 48 70 77 
0 16 35 48 70 76 
0 17 35 48 69 75 
0 17 35 48 68 74 
0 17 35 48 67 73 
0 17 35 48 67 73 
0 16 35 47 67 72 
0 17 35 47 66 71 
0 18 35 48 66 71 
0 18 35 48 66 71 
0 20 35 48 67 71 
3 22 36 48 67 71 
13 23 36 49 67 72 
15 23 36 49 67 72 
13 23 36 49 67 72 
5 22 36 49 67 71 
1 21 36 48 67 71 
0 21 35 48 66 70 
0 20 35 48 66 70 
0 19 35 48 65 69 
0 20 35 47 65 69 
0 19 35 48 65 68 
0 19 35 48 65 67 
0 18 35 48 65 68 
0 18 35 48 65 68 
0 18 35 48 65 69 
0 18 35 48 65 69 
0 18 35 48 65 68 
0 18 35 48 65 69 
0 18 35 48 65 69 
0 17 35 48 65 69 
0 17 35 48 65 68 
0 16 34 47 64 68 
0 16 34 47 64 67 
0 16 34 47 64 66 
0 16 34 47 63 66 
0 15 34 46 63 65 
0 16 34 46 63 66 
0 16 34 47 63 66 
0 16 34 47 64 66 
0 16 34 47 64 67 
0 16 34 47 64 67 
0 16 35 48 64 67 
0 16 34 47 64 67 
