0 17 131 192 217 198 
0 18 68 120 201 193 
0 17 45 78 173 184 
0 18 38 60 148 168 
0 18 36 52 128 152 
0 17 36 49 114 139 
0 18 36 48 103 128 
0 18 36 48 96 114 
0 18 36 49 92 108 
0 18 36 49 88 102 
0 17 36 48 85 97 
0 17 36 48 82 94 
0 17 35 47 79 90 
0 17 35 47 77 87 
0 18 34 47 75 85 
0 18 34 47 74 82 
1 21 35 47 72 80 
20 24 35 48 71 79 
29 24 36 48 76 79 
30 25 36 48 71 78 
26 25 36 48 71 78 
21 24 37 49 71 78 
21 24 37 49 71 77 
19 24 37 49 75 77 
12 23 36 48 69 76 
7 22 36 49 69 75 
1 21 35 48 68 74 
0 21 35 48 67 73 
0 20 35 48 67 72 
0 19 35 47 67 71 
0 19 35 47 66 71 
0 19 35 48 66 71 
0 19 35 47 66 70 
0 18 35 47 66 71 
0 18 35 48 66 70 
0 18 36 48 66 71 
0 18 36 49 67 71 
0 18 36 48 66 71 
0 17 35 48 66 70 
0 17 35 48 66 70 
0 17 35 48 66 70 
0 16 34 47 65 69 
0 16 34 47 65 68 
0 16 34 47 64 67 
0 16 34 47 64 68 
0 16 34 47 64 67 
0 15 34 47 64 67 
0 16 34 47 64 67 
0 16 34 47 64 67 
0 16 34 47 64 68 
0 16 34 47 64 68 
0 16 34 47 65 68 
0 16 35 48 65 68 
0 16 34 47 65 68 
0 16 34 47 64 68 
0 16 34 47 64 67 
