139 0 79 162 187 176 
153 0 0 66 163 163 
162 0 0 17 133 143 
179 0 0 0 105 124 
192 0 0 0 84 111 
177 0 0 0 69 96 
157 0 0 0 58 84 
168 0 0 0 46 74 
180 0 0 0 40 67 
187 0 0 0 35 61 
192 0 0 0 36 56 
194 0 0 0 33 52 
189 0 0 0 27 48 
191 0 0 0 29 46 
198 0 0 0 28 45 
204 0 0 0 23 43 
205 0 0 0 25 43 
197 0 0 0 30 43 
212 0 0 5 32 44 
228 0 0 10 35 42 
229 0 0 13 37 42 
222 0 1 15 40 45 
219 2 11 21 38 45 
215 18 24 32 45 52 
207 15 26 36 49 51 
202 15 26 37 51 58 
196 20 29 40 58 60 
194 36 40 47 63 60 
185 25 37 48 65 62 
155 31 39 49 63 64 
142 26 37 48 63 64 
150 21 33 46 63 70 
154 16 29 43 61 65 
151 4 21 36 62 63 
156 4 18 32 59 60 
161 0 11 27 55 58 
160 7 16 29 54 56 
159 0 11 26 52 54 
157 4 15 28 51 53 
164 4 16 28 51 52 
151 0 12 27 51 51 
133 0 6 21 49 51 
140 0 1 18 41 50 
146 0 3 17 38 46 
155 0 8 21 40 48 
159 0 11 23 45 47 
161 0 4 19 45 48 
159 0 0 16 37 47 
163 0 2 17 40 46 
166 0 4 18 41 44 
168 0 3 17 41 45 
166 0 0 14 38 44 
148 0 1 15 34 43 
140 0 2 16 33 42 
148 0 0 14 32 42 
153 0 0 12 31 39 
160 0 5 17 38 41 
173 0 2 17 38 41 
184 0 1 15 33 42 
187 0 0 12 31 41 
203 0 0 8 29 43 
212 0 0 4 30 41 
223 0 0 0 23 39 
232 0 0 0 25 37 
203 0 0 0 19 35 
201 0 0 0 17 33 
224 0 0 0 16 32 
235 0 0 0 19 30 
237 0 0 0 18 30 
245 0 0 0 13 28 
251 0 0 0 17 28 
249 0 0 0 12 27 
255 0 0 0 16 27 
251 0 0 0 16 26 
252 0 0 0 16 27 
237 0 0 0 16 26 
210 0 0 0 16 26 
217 0 0 0 16 26 
219 0 0 0 16 26 
228 0 0 0 12 26 
226 0 0 0 11 26 
