160 0 77 161 186 174 
153 0 0 65 162 161 
158 0 0 15 127 141 
176 0 0 0 104 122 
185 0 0 0 79 109 
197 0 0 0 68 95 
199 0 0 0 58 83 
205 0 0 0 45 73 
212 0 0 0 43 66 
217 0 0 0 39 60 
218 0 0 0 36 55 
219 0 0 0 33 51 
209 0 0 0 26 48 
205 0 0 0 24 46 
211 0 0 0 27 44 
217 0 0 0 26 43 
223 0 0 0 22 41 
231 0 0 0 27 42 
228 0 0 1 25 42 
227 0 0 8 28 43 
228 1 9 18 38 41 
230 0 10 23 38 44 
225 15 22 31 44 47 
211 26 31 39 50 51 
184 27 35 43 59 59 
164 39 44 50 60 63 
161 40 48 55 65 68 
146 47 53 60 69 72 
150 43 52 60 72 70 
150 39 49 60 72 72 
152 27 41 54 71 73 
152 25 37 50 69 72 
151 27 37 48 67 70 
153 21 33 46 64 72 
151 41 44 52 66 73 
150 27 39 51 66 72 
127 30 40 50 65 67 
132 20 34 46 63 70 
138 18 31 44 62 65 
141 24 33 44 61 65 
145 14 28 42 60 63 
151 10 24 38 57 65 
157 4 20 34 60 60 
158 43 42 48 60 62 
154 48 51 57 65 65 
143 31 45 55 66 66 
146 25 38 51 66 67 
139 17 31 46 64 66 
120 4 20 37 59 63 
117 1 16 32 54 60 
128 0 9 25 54 57 
138 0 2 19 48 54 
145 0 0 16 39 51 
150 0 2 17 37 48 
155 0 4 17 37 45 
162 0 2 17 41 46 
165 0 1 15 40 44 
166 0 0 13 39 43 
167 0 0 10 36 42 
154 0 0 5 32 44 
146 0 0 4 26 42 
159 0 0 1 28 40 
164 0 0 0 22 37 
171 0 0 0 25 36 
181 0 0 0 18 34 
193 0 0 0 21 32 
196 0 0 0 20 31 
204 0 0 0 15 30 
209 0 0 0 14 29 
219 0 0 0 17 29 
222 0 0 0 13 28 
193 0 0 0 17 28 
181 0 0 0 12 27 
193 0 0 0 17 27 
194 0 0 0 17 28 
203 0 0 0 12 27 
209 0 0 0 11 27 
211 0 0 0 16 26 
