225 9 121 191 226 212 
252 4 47 106 197 204 
264 7 18 58 164 177 
280 7 7 33 131 154 
280 8 3 24 109 133 
290 0 0 8 85 106 
297 0 0 0 62 82 
289 4 0 3 50 73 
289 0 0 8 48 70 
263 0 0 11 52 64 
278 2 0 10 50 62 
284 0 0 9 43 62 
298 2 0 9 48 67 
327 20 12 24 56 75 
342 9 15 29 68 79 
345 0 12 27 66 75 
366 0 0 20 61 71 
372 0 3 19 57 68 
390 6 6 20 50 66 
403 9 1 18 47 59 
408 0 0 6 31 45 
392 0 0 2 22 35 
395 3 3 11 26 34 
410 2 0 8 31 40 
415 9 0 9 33 42 
409 4 0 10 29 38 
418 6 0 9 33 42 
426 9 9 19 43 52 
433 3 15 29 51 64 
437 4 6 24 57 66 
437 0 5 21 53 63 
442 0 4 20 46 59 
434 15 3 19 43 55 
407 8 10 23 44 54 
421 6 7 20 45 46 
418 5 0 9 32 38 
433 0 0 2 23 30 
439 5 0 7 26 32 
432 6 0 6 27 34 
429 0 0 9 25 36 
428 0 0 9 25 37 
433 0 0 10 30 35 
440 20 17 25 41 50 
437 11 12 28 51 61 
416 0 5 24 50 62 
413 6 0 17 44 57 
414 8 2 17 41 54 
412 14 7 21 41 51 
405 4 7 21 42 51 
399 3 0 11 30 36 
403 0 0 4 21 28 
410 0 0 3 22 27 
402 0 0 7 20 29 
401 0 0 11 23 29 
