173 3 117 189 213 198 
192 0 26 89 174 170 
201 0 0 35 131 139 
212 0 0 16 104 121 
218 9 0 13 88 108 
225 0 0 11 80 97 
226 0 0 10 69 87 
229 0 0 9 58 82 
225 10 8 20 64 86 
230 15 13 28 72 97 
234 7 6 24 74 89 
234 4 11 25 64 81 
236 6 8 23 65 78 
242 0 1 19 55 73 
243 0 5 20 52 69 
247 0 0 12 41 53 
247 0 0 3 28 42 
256 0 0 3 29 39 
260 0 0 7 26 41 
265 3 0 10 34 39 
281 1 0 8 29 43 
289 5 0 9 29 44 
287 0 0 10 30 44 
307 12 9 23 44 58 
293 14 13 28 59 67 
292 10 5 23 52 63 
285 4 3 20 48 60 
275 12 3 20 50 57 
274 7 7 21 50 56 
285 0 6 21 46 54 
277 0 0 9 34 42 
276 0 0 2 24 30 
276 12 0 5 24 27 
276 15 0 4 25 33 
267 0 0 7 23 35 
274 0 0 6 27 36 
279 5 0 7 29 37 
275 0 6 16 37 45 
267 11 14 28 47 62 
265 13 18 33 53 66 
267 10 0 21 53 58 
264 3 6 21 51 57 
264 6 1 18 47 53 
266 15 2 17 46 51 
266 0 3 17 41 42 
273 0 0 7 29 33 
273 0 0 3 21 27 
273 15 0 7 24 26 
267 1 0 8 22 33 
269 1 0 11 29 31 
271 0 0 11 30 32 
267 0 0 8 24 36 
264 24 9 21 42 48 
262 11 17 31 51 61 
265 0 8 26 54 61 
261 3 5 21 50 57 
265 0 6 21 47 55 
261 6 6 21 46 53 
255 7 3 19 40 49 
261 0 0 10 33 33 
262 0 0 4 19 27 
299 0 0 6 22 26 
342 9 0 6 19 29 
382 5 0 6 20 31 
415 4 0 9 26 33 
436 0 0 9 28 34 
446 0 0 8 24 38 
466 15 6 20 42 48 
425 14 12 27 48 61 
444 7 3 21 46 56 
460 11 3 18 46 51 
473 11 7 21 46 49 
477 15 2 18 44 47 
493 5 3 18 39 46 
490 0 0 9 30 34 
497 0 0 2 20 24 
493 0 0 2 19 24 
496 0 0 7 22 27 
491 3 0 9 25 30 
484 11 0 9 22 28 
447 4 0 7 22 32 
456 2 0 11 27 38 
474 14 8 22 45 51 
471 20 9 24 51 56 
471 5 4 20 48 54 
471 9 5 19 45 51 
487 6 0 17 38 47 
482 9 6 20 39 48 
477 9 9 21 41 42 
476 0 0 10 28 27 
481 0 0 4 15 22 
456 6 0 7 22 26 
464 2 2 12 26 26 
469 0 1 13 28 28 
469 11 0 11 28 28 
477 0 0 8 28 34 
485 14 9 20 36 45 
495 4 8 24 46 57 
497 23 8 24 45 55 
499 0 0 16 41 51 
497 2 4 18 39 49 
496 11 0 16 36 46 
497 11 7 20 37 44 
447 0 0 10 28 31 
462 0 0 0 15 22 
467 0 0 4 14 22 
472 6 0 9 22 26 
481 7 0 11 21 25 
474 0 0 12 27 28 
489 4 0 7 21 31 
487 6 0 5 21 35 
493 12 6 18 35 46 
459 12 18 30 47 55 
476 0 15 29 52 54 
476 9 7 23 49 53 
469 8 6 21 46 51 
470 13 7 21 44 47 
489 11 6 20 39 43 
500 0 0 10 26 28 
484 0 0 0 14 22 
483 0 0 1 13 23 
495 8 0 5 21 26 
