52 0 78 161 187 178 
49 0 0 66 163 164 
60 0 0 17 128 144 
71 0 0 0 105 128 
73 0 0 0 83 110 
78 0 0 0 64 96 
83 0 0 0 59 84 
86 0 0 0 46 75 
90 0 0 0 40 67 
89 0 0 0 41 61 
87 0 0 0 37 56 
89 0 0 0 34 53 
77 0 0 0 32 50 
79 0 0 0 30 47 
93 0 0 0 30 46 
101 0 0 0 25 45 
113 0 0 6 33 46 
143 0 0 11 32 43 
175 0 7 18 42 46 
206 11 18 27 42 48 
224 17 25 35 48 52 
224 29 36 43 55 56 
219 36 42 50 60 64 
213 36 44 52 63 67 
220 25 38 50 64 65 
217 31 40 51 66 67 
223 28 39 50 65 67 
214 38 45 54 67 69 
216 36 45 55 68 69 
219 33 44 55 69 71 
215 24 38 50 68 70 
217 12 28 44 64 69 
210 5 21 37 59 65 
227 0 14 31 55 62 
242 3 15 30 56 59 
224 2 15 29 50 57 
212 0 10 25 48 55 
232 0 7 22 49 54 
235 0 12 24 44 52 
238 1 13 26 45 50 
248 8 18 29 50 51 
261 12 22 33 48 54 
268 0 15 30 52 51 
257 0 8 24 45 52 
256 0 2 18 40 49 
253 0 0 15 37 48 
250 0 0 11 34 45 
217 0 0 9 36 47 
218 0 0 7 34 45 
229 0 0 5 27 43 
218 0 0 4 30 41 
205 0 0 1 24 39 
205 0 0 0 22 37 
204 0 0 0 20 36 
196 0 0 0 23 35 
185 0 0 0 17 33 
192 0 0 0 21 32 
194 0 0 0 21 32 
191 0 0 0 20 31 
162 0 0 0 15 30 
157 0 0 0 18 30 
157 0 0 0 18 29 
164 0 0 0 14 29 
160 0 0 0 14 29 
159 0 0 0 18 29 
154 0 0 0 17 29 
146 0 0 0 13 29 
151 0 0 0 17 28 
149 0 0 0 13 28 
150 0 0 0 17 27 
141 0 0 0 13 27 
131 0 0 0 17 27 
132 0 0 0 16 27 
132 0 0 0 16 26 
133 0 0 0 16 26 
132 0 0 0 16 27 
135 0 0 0 16 27 
128 0 0 0 12 27 
127 0 0 0 12 26 
125 0 0 0 12 26 
127 0 0 0 12 26 
125 0 0 0 12 26 
107 0 0 0 12 26 
93 0 0 0 16 26 
