72 0 77 161 185 174 
75 0 0 66 162 162 
67 0 0 17 132 142 
78 0 0 0 100 127 
86 0 0 0 79 110 
90 0 0 0 64 95 
93 0 0 0 58 84 
86 0 0 0 46 75 
90 0 0 0 40 67 
95 0 0 0 40 61 
98 0 0 0 32 56 
104 0 0 0 29 52 
108 0 0 0 28 49 
129 0 0 0 29 49 
136 0 0 5 35 49 
166 0 3 14 39 47 
220 2 11 22 40 48 
242 5 15 26 48 50 
250 5 17 29 52 53 
241 15 24 34 51 59 
241 16 27 38 54 61 
233 14 26 38 55 63 
237 12 24 37 56 64 
236 14 26 38 57 61 
235 38 41 47 61 68 
211 29 39 49 62 64 
217 20 34 47 63 65 
219 10 25 40 60 64 
231 1 17 33 56 61 
232 1 15 29 53 59 
239 0 9 25 54 58 
239 0 1 19 48 55 
244 0 0 15 39 50 
245 0 0 12 36 48 
244 0 0 9 33 50 
248 0 0 9 31 47 
239 0 0 7 34 46 
214 0 0 5 32 44 
208 0 0 1 25 42 
211 0 0 0 28 40 
227 0 0 0 22 38 
234 0 0 0 25 37 
239 0 0 0 23 35 
240 0 0 0 18 34 
238 0 0 0 22 33 
243 0 0 0 18 33 
233 0 0 0 23 34 
223 0 0 0 19 33 
200 0 0 0 19 33 
179 0 0 0 22 33 
179 0 0 0 22 33 
178 0 0 0 21 32 
173 0 0 0 20 32 
164 0 0 0 15 31 
163 0 0 0 15 30 
160 0 0 0 15 30 
156 0 0 0 18 29 
152 0 0 0 18 29 
150 0 0 0 17 28 
148 0 0 0 12 27 
130 0 0 0 16 27 
109 0 0 0 12 27 
110 0 0 0 16 26 
116 0 0 0 16 26 
121 0 0 0 12 26 
117 0 0 0 16 27 
117 0 0 0 16 26 
114 0 0 0 16 26 
113 0 0 0 16 27 
116 0 0 0 16 26 
117 0 0 0 16 26 
116 0 0 0 15 26 
100 0 0 0 11 26 
98 0 0 0 10 25 
104 0 0 0 11 24 
109 0 0 0 10 25 
108 0 0 0 10 25 
110 0 0 0 15 25 
