104 0 79 162 188 177 
116 0 0 67 164 164 
126 0 0 17 134 143 
137 0 0 0 105 124 
143 0 0 0 79 111 
135 0 0 0 69 96 
116 0 0 0 59 84 
117 0 0 0 51 75 
128 0 0 0 40 67 
132 0 0 0 41 62 
138 0 0 0 37 57 
143 0 0 0 29 53 
150 0 0 0 32 50 
148 0 0 0 26 48 
149 0 0 0 25 46 
152 0 0 0 28 44 
154 0 0 0 27 42 
146 0 0 0 23 41 
150 0 0 2 30 42 
166 0 0 8 28 43 
185 0 0 13 31 42 
191 0 0 13 33 43 
219 0 8 19 36 44 
261 10 18 28 41 51 
275 9 20 31 50 50 
283 21 29 38 55 53 
293 37 40 47 61 57 
294 46 51 56 68 63 
298 37 48 56 71 66 
271 29 41 53 67 72 
242 33 42 52 66 68 
258 38 46 55 68 69 
269 33 44 55 69 70 
268 34 44 54 69 70 
286 21 36 49 70 68 
280 18 31 45 68 67 
288 13 27 41 65 65 
292 4 20 34 57 63 
287 2 17 32 54 60 
296 0 10 27 50 57 
287 0 8 23 47 56 
274 0 3 19 47 52 
277 0 2 17 45 51 
293 0 0 15 38 47 
299 0 0 13 36 46 
305 0 0 11 33 44 
302 0 0 12 32 42 
303 0 0 11 31 41 
317 0 0 9 33 44 
310 0 0 6 32 42 
308 0 0 5 26 41 
304 0 0 6 26 40 
277 0 0 4 29 40 
253 0 0 1 27 38 
262 0 0 0 22 37 
269 0 0 0 21 36 
275 0 0 0 24 36 
277 0 0 0 24 35 
283 0 0 0 19 34 
275 0 0 0 23 33 
264 0 0 0 18 33 
256 0 0 0 22 32 
248 0 0 0 16 31 
241 0 0 0 16 31 
218 0 0 0 20 30 
213 0 0 0 20 30 
209 0 0 0 15 30 
207 0 0 0 14 29 
204 0 0 0 14 29 
197 0 0 0 15 29 
189 0 0 0 14 29 
185 0 0 0 14 29 
186 0 0 0 13 28 
191 0 0 0 18 28 
184 0 0 0 13 27 
180 0 0 0 13 27 
154 0 0 0 17 27 
143 0 0 0 12 26 
150 0 0 0 16 26 
152 0 0 0 16 26 
160 0 0 0 11 25 
163 0 0 0 12 26 
172 0 0 0 16 26 
171 0 0 0 16 26 
167 0 0 0 11 26 
165 0 0 0 12 26 
166 0 0 0 12 26 
158 0 0 0 16 26 
151 0 0 0 16 26 
158 0 0 0 16 26 
165 0 0 0 11 26 
166 0 0 0 11 25 
169 0 0 0 11 25 
167 0 0 0 11 25 
170 0 0 0 16 25 
