40 0 80 162 192 183 
53 0 0 69 172 169 
61 0 0 19 132 148 
68 0 0 1 104 129 
66 0 0 0 82 114 
69 0 0 0 71 99 
70 0 0 0 56 87 
72 0 0 0 48 77 
71 0 0 0 47 70 
72 0 0 0 38 64 
73 0 0 0 39 59 
61 0 0 0 36 55 
52 0 0 0 29 52 
57 0 0 0 32 50 
65 0 0 0 31 48 
68 0 0 0 26 46 
67 0 0 0 32 46 
87 0 0 5 33 47 
127 0 1 12 37 44 
147 0 1 15 35 46 
179 0 0 15 41 47 
193 0 2 16 37 48 
198 0 6 18 37 48 
181 0 8 21 39 49 
178 0 12 25 45 49 
188 0 11 25 43 49 
200 26 29 36 48 51 
193 21 31 41 58 55 
198 17 29 41 60 62 
201 10 24 38 55 63 
210 8 21 35 53 58 
219 0 15 31 52 57 
222 0 11 28 49 56 
222 0 12 26 48 54 
209 0 8 22 46 54 
207 0 4 19 42 52 
224 0 1 17 44 50 
230 0 0 15 41 47 
235 0 0 13 40 46 
236 0 0 11 38 45 
235 0 0 8 35 46 
241 0 0 7 28 44 
251 0 0 8 33 44 
247 0 0 7 28 43 
247 0 0 6 27 42 
243 0 0 7 27 41 
210 0 0 7 31 42 
186 0 0 9 27 42 
198 0 0 12 29 39 
209 0 1 15 30 38 
202 0 2 16 33 41 
184 0 0 15 32 41 
170 0 0 14 36 41 
156 0 0 10 30 40 
146 0 0 8 28 42 
135 0 0 5 31 40 
126 0 0 3 24 39 
118 0 0 1 27 37 
101 0 0 0 21 36 
102 0 0 1 21 36 
99 0 0 0 24 35 
97 0 0 0 24 35 
94 0 0 0 20 34 
84 0 0 0 20 34 
69 0 0 0 24 34 
59 0 0 0 23 33 
58 0 0 0 18 33 
67 0 0 0 22 32 
72 0 0 0 18 32 
69 0 0 0 22 32 
57 0 0 0 21 32 
59 0 0 0 21 31 
65 0 0 0 20 31 
71 0 0 0 20 30 
73 0 0 0 20 30 
77 0 0 0 20 31 
80 0 0 0 16 30 
82 0 0 0 15 30 
81 0 0 0 20 30 
