93 0 84 165 204 193 
80 0 3 71 176 178 
89 0 0 21 139 156 
99 0 0 2 114 135 
110 0 0 0 91 119 
113 0 0 0 76 104 
114 0 0 0 65 91 
117 0 0 0 56 81 
116 0 0 0 51 73 
117 0 0 0 41 67 
120 0 0 0 38 62 
131 0 0 0 39 58 
126 0 0 0 35 56 
145 0 0 7 36 55 
155 0 0 12 39 52 
181 0 6 17 41 54 
186 2 12 24 45 54 
221 7 17 29 48 55 
249 27 31 39 55 63 
261 36 41 47 62 68 
255 29 40 50 65 71 
267 45 49 56 69 70 
270 52 56 62 74 74 
275 52 59 65 78 78 
251 53 60 67 80 84 
235 37 49 62 78 79 
240 33 46 58 76 78 
267 33 44 55 75 78 
265 35 45 55 73 77 
269 40 48 56 73 76 
271 35 46 55 73 76 
267 22 38 51 71 75 
278 15 31 45 67 73 
287 10 25 40 68 70 
294 4 19 34 59 66 
307 0 15 30 55 63 
270 0 8 24 56 61 
275 0 8 22 51 58 
279 0 7 21 49 56 
293 0 5 19 42 52 
307 0 3 18 40 49 
308 0 0 15 38 48 
308 0 0 12 36 47 
307 0 0 9 33 48 
312 0 0 6 34 46 
313 0 0 4 32 44 
305 0 0 3 26 42 
289 0 0 3 25 42 
289 0 0 1 24 40 
298 0 0 2 28 39 
289 0 0 3 24 39 
284 0 0 3 23 39 
276 0 0 5 29 39 
258 0 0 7 30 39 
246 0 0 6 25 39 
234 0 0 4 29 38 
227 0 0 2 23 38 
215 0 0 0 26 37 
213 0 0 0 25 35 
186 0 0 0 20 35 
162 0 0 0 19 34 
148 0 0 0 18 34 
159 0 0 0 22 33 
160 0 0 0 17 32 
159 0 0 0 22 32 
164 0 0 0 16 32 
162 0 0 0 16 31 
158 0 0 0 20 31 
168 0 0 0 15 30 
168 0 0 0 15 30 
170 0 0 0 19 30 
153 0 0 0 18 29 
154 0 0 0 18 28 
156 0 0 0 18 28 
151 0 0 0 18 28 
146 0 0 0 14 28 
150 0 0 0 18 28 
153 0 0 0 18 28 
149 0 0 0 13 28 
150 0 0 0 18 28 
154 0 0 0 18 28 
