99 0 79 161 191 175 
106 0 0 67 163 162 
120 0 0 17 133 143 
131 0 0 0 105 123 
145 0 0 0 79 110 
153 0 0 0 68 95 
158 0 0 0 58 83 
162 0 0 0 46 74 
163 0 0 0 40 66 
144 0 0 0 35 60 
148 0 0 0 32 56 
153 0 0 0 34 52 
143 0 0 0 27 49 
140 0 0 0 25 47 
149 0 0 0 24 45 
148 0 0 0 23 44 
158 0 0 0 28 43 
166 0 0 0 23 42 
182 0 0 0 24 41 
195 0 0 1 29 42 
214 0 0 9 33 44 
219 0 0 12 31 41 
247 0 0 14 32 42 
265 0 2 16 38 43 
271 0 2 16 39 43 
279 0 4 17 41 45 
274 0 8 20 42 46 
285 0 8 20 38 47 
283 0 6 20 38 46 
263 0 3 19 43 48 
254 0 3 18 38 47 
254 3 13 24 44 47 
241 1 13 26 46 48 
229 0 11 25 42 48 
230 0 5 21 46 49 
236 0 6 20 44 48 
235 0 3 18 42 47 
240 0 1 16 36 44 
243 0 2 17 36 45 
258 0 1 16 35 44 
257 0 0 13 33 43 
267 0 0 13 36 42 
275 0 0 12 36 42 
290 0 0 11 31 41 
260 0 0 10 34 39 
272 0 0 10 34 39 
271 0 0 10 34 38 
274 0 0 10 34 39 
279 0 0 7 32 42 
283 0 0 6 26 40 
260 0 0 4 24 39 
262 0 0 3 28 38 
260 0 0 3 22 37 
271 0 0 4 27 37 
275 0 0 3 27 36 
278 0 0 2 26 35 
257 0 0 0 25 35 
257 0 0 0 24 35 
252 0 0 0 23 34 
246 0 0 0 17 32 
260 0 0 0 17 32 
266 0 0 0 16 31 
260 0 0 0 16 30 
263 0 0 0 15 30 
262 0 0 0 15 29 
254 0 0 0 19 29 
241 0 0 0 15 29 
218 0 0 0 20 29 
188 0 0 0 15 29 
184 0 0 0 15 29 
179 0 0 0 20 29 
177 0 0 0 19 29 
181 0 0 0 15 28 
177 0 0 0 19 29 
179 0 0 0 18 28 
179 0 0 0 18 29 
175 0 0 0 18 28 
175 0 0 0 17 28 
171 0 0 0 17 27 
156 0 0 0 17 27 
138 0 0 0 16 27 
147 0 0 0 11 26 
155 0 0 0 16 26 
154 0 0 0 15 25 
156 0 0 0 15 25 
160 0 0 0 10 25 
166 0 0 0 11 24 
168 0 0 0 11 25 
171 0 0 0 15 25 
169 0 0 0 11 25 
173 0 0 0 15 25 
152 0 0 0 15 25 
148 0 0 0 10 25 
157 0 0 0 15 25 
161 0 0 0 11 25 
