63 0 77 161 187 176 
73 0 0 65 167 163 
81 0 0 16 128 142 
87 0 0 0 104 123 
91 0 0 0 83 109 
94 0 0 0 63 94 
97 0 0 0 57 82 
96 0 0 0 45 73 
96 0 0 0 39 66 
87 0 0 0 39 60 
76 0 0 0 31 55 
85 0 0 0 33 52 
91 0 0 0 31 49 
95 0 0 0 30 47 
95 0 0 0 29 45 
97 0 0 0 28 43 
113 0 0 0 29 43 
132 0 0 4 31 44 
158 0 0 8 34 45 
197 0 0 12 32 43 
216 0 2 16 35 44 
200 0 10 22 37 44 
193 8 18 28 43 47 
197 20 27 35 53 51 
206 31 36 43 54 59 
216 34 42 49 59 63 
232 27 39 49 62 62 
233 17 32 46 62 64 
245 13 27 42 60 63 
254 3 19 36 62 62 
253 2 17 32 59 60 
248 0 14 29 56 58 
246 0 10 25 52 54 
244 0 7 22 46 55 
246 0 4 20 42 51 
252 0 0 16 40 49 
243 0 0 15 37 48 
220 0 0 11 38 45 
205 0 0 8 31 47 
188 0 0 4 27 44 
197 0 0 1 29 42 
184 0 0 0 23 40 
172 0 0 0 26 38 
173 0 0 0 24 36 
188 0 0 0 18 35 
169 0 0 0 18 34 
177 0 0 0 22 34 
202 0 0 0 17 33 
206 0 0 0 18 33 
200 0 0 0 19 33 
187 0 0 0 19 33 
180 0 0 1 19 33 
176 0 0 0 24 33 
174 0 0 0 23 33 
170 0 0 0 22 33 
166 0 0 0 16 31 
144 0 0 0 16 31 
145 0 0 0 15 30 
146 0 0 0 14 30 
144 0 0 0 14 29 
143 0 0 0 14 29 
144 0 0 0 13 28 
144 0 0 0 13 28 
140 0 0 0 12 27 
136 0 0 0 17 27 
130 0 0 0 16 26 
127 0 0 0 12 26 
127 0 0 0 11 25 
107 0 0 0 11 26 
97 0 0 0 15 25 
102 0 0 0 11 25 
105 0 0 0 11 25 
107 0 0 0 11 25 
109 0 0 0 11 25 
106 0 0 0 11 26 
107 0 0 0 11 25 
