80 0 79 162 187 177 
98 0 0 67 164 163 
105 0 0 17 129 143 
116 0 0 0 106 125 
119 0 0 0 80 110 
120 0 0 0 64 96 
122 0 0 0 53 83 
106 0 0 0 46 74 
111 0 0 0 44 66 
117 0 0 0 40 61 
122 0 0 0 32 56 
118 0 0 0 34 53 
114 0 0 0 32 50 
117 0 0 0 30 48 
121 0 0 0 25 45 
130 0 0 0 29 44 
137 0 0 1 31 44 
152 0 0 10 31 43 
168 0 1 14 38 45 
187 3 12 23 38 46 
211 12 20 30 44 53 
232 15 24 34 48 55 
228 22 31 40 53 55 
211 28 36 44 57 62 
210 24 35 46 59 61 
233 19 32 44 60 62 
238 6 23 38 58 62 
239 6 19 34 56 61 
233 5 18 33 54 60 
242 5 18 32 57 58 
232 2 16 30 51 57 
224 0 14 28 50 56 
227 2 14 28 49 54 
247 0 13 27 52 53 
253 0 12 27 51 52 
255 0 7 22 44 52 
249 0 4 19 41 50 
267 0 6 20 44 48 
265 0 2 17 43 47 
277 0 0 14 40 45 
278 0 0 12 38 44 
274 0 0 10 37 43 
245 0 0 8 30 46 
222 0 0 4 28 44 
235 0 0 2 30 41 
252 0 0 0 28 40 
256 0 0 0 26 38 
260 0 0 0 20 36 
257 0 0 0 23 35 
236 0 0 0 23 34 
230 0 0 0 24 34 
227 0 0 1 24 34 
222 0 0 2 24 34 
214 0 0 2 25 34 
179 0 0 1 25 34 
183 0 0 0 20 34 
176 0 0 0 23 33 
177 0 0 0 23 33 
173 0 0 0 21 32 
166 0 0 0 16 32 
161 0 0 0 16 31 
160 0 0 0 15 30 
160 0 0 0 14 29 
165 0 0 0 14 29 
160 0 0 0 13 29 
145 0 0 0 13 28 
122 0 0 0 13 27 
118 0 0 0 17 27 
124 0 0 0 12 26 
122 0 0 0 12 26 
124 0 0 0 12 26 
125 0 0 0 11 26 
126 0 0 0 11 26 
127 0 0 0 12 26 
125 0 0 0 12 26 
122 0 0 0 12 26 
124 0 0 0 11 26 
114 0 0 0 16 26 
112 0 0 0 16 26 
112 0 0 0 15 26 
118 0 0 0 16 25 
119 0 0 0 15 25 
122 0 0 0 11 25 
121 0 0 0 11 25 
123 0 0 0 10 25 
