18 0 85 166 192 178 
25 0 7 74 167 166 
29 0 0 25 133 147 
34 0 0 6 104 131 
36 0 0 0 84 114 
29 0 0 0 73 99 
31 0 0 0 63 88 
32 0 0 0 50 78 
33 0 0 0 49 71 
35 0 0 0 45 65 
36 0 0 0 36 60 
37 0 0 0 38 57 
38 0 0 0 32 54 
39 0 0 0 34 51 
40 0 0 0 29 49 
39 0 0 0 33 48 
40 0 0 2 29 47 
35 0 0 5 34 47 
30 0 0 11 32 48 
30 0 3 15 35 45 
28 0 7 19 37 47 
28 0 10 23 39 47 
29 0 9 22 41 49 
28 0 9 23 41 50 
24 0 1 18 39 49 
18 0 0 11 35 51 
8 0 0 5 31 43 
0 0 0 2 29 43 
0 0 0 1 27 37 
0 0 0 0 26 35 
0 0 0 0 25 34 
0 0 0 0 24 37 
0 0 0 0 24 32 
0 0 0 0 24 36 
0 0 0 0 23 31 
4 0 0 0 23 31 
7 0 0 0 22 33 
12 0 0 0 22 35 
16 0 0 0 21 35 
17 0 0 0 24 34 
15 0 0 0 23 34 
9 0 0 0 18 32 
11 0 0 0 23 33 
16 0 0 0 18 33 
20 0 0 0 17 33 
23 0 0 0 21 32 
25 0 0 0 21 32 
26 0 0 0 17 32 
27 0 0 0 21 32 
28 0 0 0 16 31 
30 0 0 0 16 31 
30 0 0 0 15 30 
24 0 0 0 15 29 
20 0 0 0 15 30 
23 0 0 0 19 29 
