36 0 84 166 207 200 
46 0 5 72 182 182 
58 0 0 24 141 159 
60 0 0 6 112 137 
57 0 0 0 94 122 
55 0 0 0 78 107 
62 0 0 0 63 94 
66 0 0 0 55 84 
70 0 0 0 50 77 
72 0 0 1 46 72 
70 0 0 4 44 67 
67 0 0 9 48 65 
70 0 2 15 45 65 
73 0 4 17 50 61 
72 0 11 22 48 59 
76 20 25 33 54 61 
71 39 42 47 61 65 
66 66 64 64 72 72 
84 71 72 74 81 79 
83 71 76 80 88 85 
90 50 63 74 88 87 
90 66 70 77 90 90 
90 50 61 72 89 90 
85 31 48 62 84 89 
67 10 30 48 76 83 
52 0 14 34 67 77 
44 0 8 26 59 72 
39 0 0 18 50 70 
26 0 0 14 48 60 
22 0 0 9 38 58 
20 0 0 8 35 54 
17 0 0 9 37 52 
14 0 0 6 31 49 
14 0 0 5 29 47 
14 0 0 4 27 45 
14 0 0 4 27 44 
14 0 0 3 26 43 
16 0 0 4 26 43 
18 0 0 9 28 43 
18 0 7 18 32 42 
15 0 7 20 36 44 
13 0 6 20 41 46 
20 0 0 16 35 45 
25 0 0 10 32 48 
33 0 0 5 33 45 
36 0 0 1 26 42 
36 0 0 0 23 40 
41 0 0 1 27 38 
46 0 0 0 22 38 
47 0 0 0 26 37 
48 0 0 0 21 36 
43 0 0 1 26 37 
41 0 0 0 25 36 
45 0 0 0 25 36 
47 0 0 0 24 35 
50 0 0 0 20 35 
49 0 0 0 24 35 
51 0 0 0 24 35 
