5 0 85 166 188 179 
13 0 7 74 172 167 
17 0 0 26 139 148 
21 0 0 7 111 133 
22 0 0 0 85 116 
25 0 0 0 75 101 
26 0 0 0 60 89 
26 0 0 0 52 80 
26 0 0 0 47 73 
26 0 0 0 42 67 
26 0 0 0 39 62 
21 0 0 0 41 58 
15 0 0 2 39 56 
13 0 0 5 39 54 
13 0 0 10 40 54 
27 0 0 12 41 50 
26 0 2 14 42 50 
27 0 0 13 42 50 
27 0 0 11 41 49 
22 0 0 8 34 51 
18 0 0 5 31 49 
12 0 0 3 29 48 
10 0 0 1 27 46 
6 0 0 0 26 42 
6 0 0 1 26 40 
5 0 0 1 26 35 
5 0 0 1 26 34 
3 0 0 3 26 34 
1 0 0 2 26 38 
1 0 0 2 26 38 
1 0 0 2 26 33 
0 0 0 1 26 33 
0 0 0 2 25 33 
1 0 0 3 26 37 
0 0 0 9 29 35 
0 0 0 11 31 42 
0 0 1 14 32 43 
0 0 0 14 32 44 
4 0 0 9 30 42 
7 0 0 5 28 36 
11 0 0 2 31 40 
15 0 0 0 27 38 
16 0 0 0 21 37 
17 0 0 0 24 35 
20 0 0 0 19 34 
23 0 0 0 22 33 
20 0 0 0 16 32 
16 0 0 0 17 32 
21 0 0 0 21 32 
23 0 0 0 20 31 
26 0 0 0 16 31 
27 0 0 0 21 31 
29 0 0 0 21 31 
30 0 0 0 16 31 
29 0 0 0 20 31 
29 0 0 0 20 30 
