2 0 78 162 216 208 
4 0 0 65 182 188 
6 0 0 16 142 162 
9 0 0 0 110 142 
21 0 0 0 92 122 
32 0 0 0 71 106 
40 0 0 0 60 92 
46 0 0 0 51 82 
51 0 0 0 50 74 
54 0 0 0 41 68 
60 0 0 0 38 63 
49 0 0 0 41 60 
45 0 0 0 41 58 
53 0 0 2 40 57 
60 0 0 7 37 56 
66 0 0 13 44 58 
72 0 2 16 46 55 
64 0 2 16 42 55 
53 0 4 18 47 55 
46 0 3 18 47 55 
46 0 4 18 47 55 
55 0 10 22 48 54 
55 10 18 29 48 55 
51 24 30 37 53 58 
53 29 36 45 58 61 
60 35 42 50 63 65 
65 59 58 62 71 70 
73 63 66 70 78 75 
77 78 78 80 86 82 
77 58 69 78 88 86 
72 50 61 72 87 87 
73 50 59 69 86 87 
71 31 47 61 82 85 
58 16 34 50 80 81 
58 0 19 38 67 76 
56 0 13 30 64 70 
46 0 2 20 56 65 
35 0 0 13 45 59 
38 0 0 8 38 57 
40 0 0 3 32 52 
43 0 0 3 35 49 
45 0 0 2 32 46 
48 0 0 2 27 44 
47 0 0 2 31 43 
38 0 0 5 27 43 
31 0 0 6 32 43 
25 0 0 8 33 44 
20 0 0 8 29 44 
31 0 0 7 33 44 
37 0 0 4 31 43 
39 0 0 1 30 41 
40 0 0 0 23 40 
45 0 0 0 27 39 
47 0 0 0 26 38 
48 0 0 0 20 36 
51 0 0 0 24 35 
51 0 0 0 24 35 
52 0 0 0 19 34 
42 0 0 0 18 34 
40 0 0 0 19 34 
