20 0 84 167 199 190 
31 0 4 72 173 174 
38 0 0 23 137 153 
44 0 0 4 108 137 
44 0 0 0 86 118 
47 0 0 0 75 103 
50 0 0 0 60 90 
51 0 0 0 57 81 
53 0 0 0 51 74 
54 0 0 0 42 68 
56 0 0 0 39 63 
49 0 0 0 41 59 
39 0 0 0 37 56 
38 0 0 0 31 53 
43 0 0 0 33 50 
47 0 0 0 32 48 
50 0 0 0 26 46 
50 0 0 0 25 45 
53 0 0 0 29 44 
55 0 0 0 29 43 
57 0 0 0 29 43 
57 0 0 4 31 44 
66 0 0 9 29 45 
61 0 3 15 33 44 
89 0 9 21 36 50 
79 0 11 23 40 47 
67 0 6 21 45 49 
53 0 0 16 43 48 
46 0 0 10 39 51 
34 0 0 5 31 48 
24 0 0 1 27 45 
19 0 0 0 29 42 
14 0 0 0 23 40 
13 0 0 0 26 39 
13 0 0 0 26 38 
7 0 0 0 21 35 
3 0 0 0 22 31 
7 0 0 2 24 31 
11 0 0 2 29 37 
18 0 0 1 23 38 
21 0 0 1 27 38 
24 0 0 0 22 37 
26 0 0 0 21 36 
29 0 0 0 24 36 
31 0 0 0 23 34 
33 0 0 0 23 34 
31 0 0 0 22 33 
25 0 0 0 22 33 
23 0 0 0 21 32 
26 0 0 0 16 32 
31 0 0 0 21 32 
35 0 0 0 20 32 
36 0 0 0 16 31 
39 0 0 0 20 31 
41 0 0 0 20 31 
41 0 0 0 20 31 
43 0 0 0 20 31 
