17 0 87 167 189 179 
24 0 10 76 172 167 
30 0 0 27 134 147 
36 0 0 7 106 132 
38 0 0 0 84 115 
37 0 0 0 73 100 
39 0 0 0 63 88 
42 0 0 0 50 78 
43 0 0 0 49 71 
34 0 0 0 40 65 
30 0 0 0 36 61 
33 0 0 0 39 57 
35 0 0 0 37 54 
39 0 0 2 37 52 
42 0 0 9 34 52 
40 0 0 13 36 48 
38 0 1 15 37 49 
34 0 6 19 39 50 
24 0 9 21 41 51 
22 4 14 25 43 51 
23 7 18 29 47 52 
15 0 10 25 51 53 
11 0 8 23 45 58 
7 0 0 17 42 56 
6 0 0 12 37 54 
5 0 0 8 34 46 
5 0 0 4 31 42 
7 0 0 1 29 39 
9 0 0 0 27 41 
13 0 0 1 31 41 
16 0 0 1 25 40 
21 0 0 1 28 40 
18 0 0 0 23 39 
14 0 0 0 21 37 
21 0 0 0 26 37 
26 0 0 1 22 37 
27 0 0 0 26 36 
29 0 0 0 25 36 
30 0 0 0 20 35 
34 0 0 0 20 36 
33 0 0 0 24 35 
35 0 0 0 23 35 
35 0 0 0 24 34 
37 0 0 0 23 34 
30 0 0 0 18 33 
35 0 0 0 22 33 
35 0 0 0 22 33 
37 0 0 0 22 33 
38 0 0 0 18 32 
38 0 0 0 17 32 
39 0 0 0 21 32 
39 0 0 0 21 32 
39 0 0 0 21 32 
41 0 0 0 21 31 
40 0 0 0 17 31 
41 0 0 0 21 31 
