1 32 140 201 228 210 
2 32 77 129 210 203 
2 32 55 88 182 194 
3 32 47 68 156 176 
3 32 46 60 135 160 
3 32 46 58 122 146 
3 32 46 57 112 136 
3 32 46 57 104 127 
3 32 46 57 98 114 
3 32 46 57 95 109 
3 32 47 58 93 105 
3 32 46 58 91 102 
3 32 47 58 89 99 
4 32 46 58 87 96 
4 33 46 57 85 94 
4 32 46 57 83 92 
4 32 46 56 82 90 
5 31 45 57 81 88 
7 32 45 56 79 86 
9 32 45 56 79 86 
11 32 45 56 78 85 
13 33 45 57 78 84 
18 33 46 57 81 83 
34 35 46 57 78 83 
38 36 46 57 82 83 
43 37 47 58 78 83 
46 37 47 58 78 83 
54 38 47 58 77 82 
57 38 47 58 77 82 
48 37 46 57 80 81 
41 35 46 57 76 80 
39 35 46 57 80 80 
40 35 46 57 75 79 
45 36 46 57 75 79 
49 37 46 57 79 79 
55 38 46 57 74 78 
43 36 46 57 75 78 
33 36 46 57 75 78 
25 35 46 57 75 78 
20 34 47 58 75 79 
16 33 46 58 75 79 
13 34 46 58 75 79 
11 33 46 57 75 78 
10 33 46 57 75 78 
10 32 46 57 74 77 
9 32 46 57 74 77 
8 32 45 56 73 76 
7 31 45 56 73 76 
6 32 45 56 73 75 
6 32 45 56 73 75 
8 32 45 56 73 75 
13 33 45 57 73 75 
15 33 46 57 73 76 
18 34 46 57 77 76 
23 34 47 58 74 76 
27 35 47 58 74 77 
28 35 46 57 78 77 
30 35 46 57 73 76 
30 34 46 57 73 76 
31 34 45 57 73 76 
30 34 45 57 73 75 
27 33 45 56 73 75 
25 33 45 56 72 74 
24 33 45 56 72 74 
24 34 45 57 72 75 
21 33 46 56 72 74 
22 34 46 57 72 74 
22 34 46 57 73 75 
20 34 46 58 73 75 
19 33 46 58 77 75 
18 34 46 57 77 75 
19 34 46 57 77 75 
17 33 46 57 73 75 
17 33 45 56 72 74 
17 33 45 56 72 74 
17 32 45 56 71 73 
16 32 45 55 72 73 
16 32 45 55 71 73 
17 32 45 56 72 73 
16 33 45 56 71 73 
15 33 45 56 71 74 
16 33 46 57 72 74 
15 33 46 57 73 74 
15 33 46 57 72 74 
15 33 46 57 72 74 
14 33 46 57 72 74 
