5 33 139 200 216 201 
6 32 78 128 205 196 
6 32 55 88 178 188 
6 33 48 68 153 173 
8 32 47 61 134 157 
9 33 46 58 120 144 
9 33 46 57 110 133 
9 33 47 57 103 125 
9 33 47 58 97 113 
12 34 47 58 94 108 
12 34 47 58 91 103 
13 34 47 58 89 100 
15 34 47 58 88 98 
25 35 46 58 86 95 
26 35 46 57 84 93 
22 34 46 57 82 90 
18 34 46 57 85 89 
16 33 46 57 80 87 
13 33 46 57 79 86 
11 33 46 57 78 84 
9 33 46 57 78 84 
6 32 46 57 77 83 
4 33 46 57 77 83 
3 32 46 57 77 82 
2 33 47 58 76 81 
1 32 46 58 77 81 
0 32 46 58 76 81 
2 32 46 57 76 80 
3 32 46 57 75 80 
6 32 46 57 75 79 
9 32 46 57 74 79 
9 32 45 57 74 78 
9 32 45 56 74 78 
8 32 45 56 73 76 
8 32 45 56 73 77 
8 32 45 56 73 77 
8 32 45 57 73 77 
7 33 46 57 73 77 
8 32 46 57 73 77 
8 33 46 57 74 77 
8 32 46 57 73 77 
9 32 46 57 74 77 
10 33 46 57 73 76 
13 33 46 57 73 76 
13 32 45 57 73 76 
12 32 45 57 73 76 
14 32 45 56 72 75 
14 32 45 56 72 75 
13 32 44 56 72 74 
13 32 45 56 72 74 
12 32 45 56 72 74 
13 32 45 56 71 74 
14 33 45 57 72 75 
13 33 46 57 72 75 
12 33 46 57 72 75 
12 33 46 57 72 74 
11 33 46 57 73 75 
11 32 46 57 72 75 
10 32 46 57 72 74 
10 32 45 56 72 74 
10 32 45 56 71 74 
10 31 45 56 71 73 
10 31 45 56 71 73 
