4 33 139 199 220 201 
5 32 77 128 205 198 
6 33 55 88 177 189 
8 33 49 69 153 173 
8 33 47 61 134 157 
7 33 46 59 120 145 
7 34 47 58 111 134 
8 34 47 57 103 125 
9 34 48 58 98 114 
8 34 47 58 95 108 
10 33 48 58 92 104 
14 34 47 58 89 100 
19 35 47 58 92 98 
37 36 47 58 86 95 
39 37 47 58 89 93 
55 38 47 57 83 90 
63 39 47 57 81 88 
68 39 47 57 84 88 
76 41 47 58 80 87 
66 40 47 58 79 86 
58 40 47 58 82 84 
51 39 48 59 78 84 
49 38 48 59 83 84 
46 38 48 59 78 84 
44 38 48 59 78 83 
37 37 48 58 78 82 
43 37 47 58 77 82 
37 36 47 58 77 81 
29 35 47 58 80 81 
23 35 47 57 75 79 
19 34 47 58 79 79 
15 34 46 57 75 79 
13 34 47 58 75 78 
11 34 47 58 74 78 
9 34 47 58 75 78 
13 34 48 58 75 78 
12 34 47 58 75 79 
11 34 47 58 75 78 
11 34 47 58 74 78 
10 34 47 58 75 78 
10 34 47 58 75 78 
9 33 46 58 74 77 
10 33 46 57 74 77 
9 33 46 57 73 76 
9 32 46 57 73 76 
8 33 46 57 73 75 
8 33 46 57 72 75 
8 33 46 57 72 75 
8 33 46 57 73 75 
8 33 47 58 73 75 
7 33 47 58 73 76 
7 33 47 58 73 75 
7 33 47 58 73 76 
7 33 46 58 73 76 
7 33 46 58 73 76 
7 33 46 57 73 75 
8 33 46 57 73 74 
8 32 46 57 72 74 
8 33 46 57 72 74 
9 32 46 57 72 74 
