4 33 141 202 251 236 
5 33 78 128 226 225 
6 34 57 88 192 210 
7 34 50 70 164 190 
8 34 48 62 144 172 
7 34 48 60 129 157 
8 34 48 59 118 144 
7 34 48 59 110 135 
7 34 48 59 104 128 
7 33 47 59 99 116 
8 33 47 58 97 110 
7 33 47 58 94 106 
7 33 47 58 92 103 
7 33 47 58 90 100 
6 33 47 58 88 98 
6 33 46 57 86 95 
6 33 47 58 85 94 
6 33 47 58 85 93 
5 33 47 58 84 92 
5 33 47 58 83 91 
5 34 47 59 83 90 
5 33 47 59 82 89 
5 33 47 58 82 89 
5 33 47 58 81 88 
5 33 47 58 81 87 
5 33 46 58 80 86 
5 32 46 58 79 85 
6 32 46 57 79 84 
7 32 46 57 78 83 
8 32 46 57 77 82 
8 32 46 57 78 82 
11 33 46 57 78 82 
15 34 47 58 78 83 
18 35 47 58 82 82 
20 35 47 58 78 82 
21 35 47 58 78 82 
19 35 47 58 82 82 
16 34 47 58 78 82 
15 34 47 58 77 82 
15 34 47 58 77 81 
13 33 46 57 77 81 
12 33 46 57 76 80 
12 33 46 57 75 79 
16 33 46 57 76 80 
13 33 45 57 75 79 
10 33 46 57 75 79 
7 32 46 57 75 78 
5 33 47 58 76 79 
3 32 47 58 76 79 
2 32 47 58 76 79 
2 32 46 58 76 79 
2 32 46 57 75 78 
4 32 46 57 75 79 
4 33 46 57 75 78 
5 32 46 57 75 78 
6 32 46 57 75 78 
7 32 45 57 74 77 
10 32 45 57 74 77 
16 33 45 56 74 77 
18 33 46 56 78 77 
22 34 46 57 74 76 
23 34 46 57 74 77 
21 34 46 57 74 77 
19 34 46 57 79 77 
17 34 46 57 75 77 
17 34 46 57 75 78 
15 34 46 57 75 78 
15 33 46 57 74 77 
14 33 46 56 74 77 
14 32 45 56 74 76 
13 32 45 56 73 76 
13 32 45 56 73 75 
12 32 45 56 73 75 
12 32 45 56 72 75 
12 32 45 56 73 75 
11 32 45 56 73 75 
11 33 46 57 73 76 
11 32 46 57 73 75 
10 33 46 57 74 76 
11 33 46 57 74 76 
11 33 46 57 74 76 
11 33 46 57 74 76 
10 32 46 57 73 75 
10 32 45 57 73 75 
9 32 45 56 72 75 
9 31 45 56 73 74 
8 31 45 56 72 74 
9 31 45 56 72 74 
9 31 45 56 72 74 
9 32 45 56 72 74 
8 32 45 56 72 74 
8 32 45 56 72 74 
