3 33 139 200 221 203 
4 33 78 129 206 197 
5 33 56 89 180 190 
5 33 49 69 154 174 
5 32 47 61 135 158 
6 33 46 58 120 144 
7 33 46 57 110 134 
7 32 46 57 102 125 
7 33 46 57 97 113 
7 33 47 57 94 107 
9 34 47 58 92 103 
17 34 47 58 90 101 
17 35 47 58 88 98 
22 35 47 58 85 95 
28 35 47 59 89 93 
32 36 47 58 83 91 
44 37 47 58 82 90 
51 38 47 58 81 88 
47 37 47 58 80 86 
42 36 47 58 79 85 
39 36 47 58 83 85 
37 35 47 57 78 84 
37 36 46 57 77 83 
33 36 47 57 77 83 
29 36 47 58 81 82 
24 35 47 58 77 82 
18 35 47 58 81 82 
16 34 47 58 77 81 
13 34 47 58 76 81 
12 34 47 58 77 81 
11 33 47 58 76 80 
11 33 46 57 75 79 
10 33 46 57 74 79 
9 32 46 57 74 78 
8 33 46 57 74 77 
8 32 46 57 74 77 
8 32 46 57 74 77 
8 33 46 57 74 77 
8 33 46 57 74 77 
8 33 46 58 74 77 
9 33 47 58 74 77 
9 33 47 58 74 77 
8 33 46 58 74 77 
8 33 47 58 74 77 
7 33 46 58 74 77 
8 33 46 57 74 76 
8 32 46 57 73 76 
8 32 46 57 73 76 
8 32 45 56 72 75 
8 32 45 56 72 74 
9 32 45 56 72 74 
9 32 46 57 72 74 
9 32 46 57 72 75 
9 33 46 57 72 75 
9 33 46 57 72 74 
10 33 46 57 73 75 
10 33 46 57 73 75 
10 33 46 57 73 75 
9 33 46 57 72 75 
9 33 46 57 73 75 
