5 32 139 199 215 200 
7 33 78 128 205 196 
7 33 56 88 179 189 
8 33 49 69 154 174 
9 33 47 62 135 158 
10 33 47 59 121 145 
10 33 47 58 111 135 
10 33 47 58 103 126 
10 33 47 58 97 113 
10 32 46 57 94 108 
10 33 46 57 91 103 
12 32 46 57 88 99 
12 33 46 57 86 96 
14 33 46 57 84 94 
16 33 46 56 83 92 
22 34 46 57 82 90 
24 35 47 57 81 89 
23 34 46 57 80 87 
23 35 47 58 80 87 
21 34 47 58 79 86 
21 34 47 58 79 85 
24 35 47 58 78 84 
22 34 47 58 78 83 
30 35 46 58 77 82 
24 34 46 57 76 82 
20 33 46 57 75 80 
16 33 46 57 75 80 
14 33 46 57 75 80 
12 32 45 57 75 79 
12 33 46 57 75 79 
13 33 46 57 74 78 
13 33 46 57 75 78 
13 33 46 58 75 79 
11 33 46 58 75 79 
11 33 46 57 74 78 
10 33 46 58 75 78 
9 32 46 57 74 78 
10 33 46 57 74 77 
10 32 45 57 73 77 
14 32 45 57 73 76 
16 32 45 56 73 76 
15 32 45 56 73 76 
15 32 45 56 72 75 
15 33 46 56 72 75 
15 32 46 57 73 76 
14 33 46 57 73 76 
14 33 46 57 73 76 
15 33 46 57 73 76 
14 33 46 57 73 76 
13 33 46 57 73 76 
12 33 46 57 73 76 
13 32 46 57 73 75 
12 32 45 57 72 75 
11 32 45 57 72 75 
12 32 45 56 72 74 
11 32 45 56 71 74 
11 32 45 56 70 73 
10 32 45 56 71 73 
11 33 45 56 71 74 
11 32 45 56 72 74 
11 32 45 56 71 73 
11 33 46 57 72 74 
11 33 46 57 72 74 
10 33 46 57 72 74 
10 33 45 57 72 74 
