0 2 118 180 194 177 
0 1 51 106 184 184 
0 1 27 64 158 168 
0 0 19 45 136 155 
0 9 25 42 122 141 
0 13 28 43 110 134 
0 14 29 43 99 116 
0 13 28 42 91 106 
0 11 25 39 82 95 
0 9 24 37 76 88 
0 7 21 34 70 79 
0 4 18 31 64 73 
0 3 17 30 61 70 
0 1 16 30 61 70 
0 0 15 30 60 70 
50 0 14 31 61 72 
122 0 14 31 62 74 
234 0 14 31 63 76 
257 5 20 36 70 77 
243 11 25 39 67 81 
223 10 25 39 65 77 
244 10 24 39 62 69 
194 9 23 36 59 64 
167 10 22 35 57 66 
166 7 20 33 57 57 
154 5 18 31 55 55 
127 4 18 31 50 54 
119 3 18 32 52 58 
95 2 17 32 58 60 
80 0 17 32 56 63 
80 0 16 33 57 65 
64 0 16 32 63 69 
55 9 24 38 67 71 
46 13 27 41 64 70 
36 13 27 41 62 68 
29 10 25 39 64 64 
24 6 22 36 61 60 
19 5 19 33 53 57 
11 3 17 30 49 52 
13 2 15 28 46 49 
9 1 15 28 46 49 
2 1 15 29 48 52 
0 0 15 29 49 54 
0 0 14 30 51 58 
0 0 14 30 53 60 
0 0 13 30 54 63 
0 3 19 34 58 65 
0 8 23 37 60 66 
0 9 24 39 59 64 
0 9 24 38 58 62 
0 6 21 35 55 59 
0 4 19 33 52 55 
0 3 17 31 49 52 
0 3 16 29 46 47 
0 2 15 28 45 46 
0 1 15 28 45 48 
0 0 15 29 47 50 
0 0 14 29 48 53 
0 0 14 30 51 56 
0 0 13 30 52 58 
0 0 13 30 54 62 
0 5 21 36 57 64 
0 10 25 39 59 65 
0 11 26 40 58 62 
48 10 25 39 61 60 
135 8 22 37 54 56 
191 7 21 35 52 54 
219 5 19 32 48 49 
214 3 16 30 45 46 
212 1 16 29 45 47 
228 0 15 30 47 50 
193 0 15 30 48 52 
179 0 14 31 55 56 
160 0 14 31 57 59 
140 0 14 31 59 63 
109 7 21 36 57 64 
90 10 25 39 59 64 
69 10 25 39 61 61 
59 8 23 37 56 59 
56 7 21 34 56 55 
59 5 20 33 49 52 
45 3 17 30 50 47 
36 2 15 28 48 45 
25 0 14 27 47 46 
19 0 14 28 45 48 
12 0 14 28 47 51 
7 0 13 29 49 54 
5 0 13 29 50 56 
1 0 12 29 52 59 
0 3 18 33 55 62 
0 7 22 36 57 62 
0 7 23 37 56 60 
0 7 22 36 55 58 
0 6 21 35 52 54 
0 5 19 33 50 51 
0 3 17 31 47 48 
0 2 15 28 43 44 
0 2 15 28 43 44 
0 1 15 28 44 46 
0 1 15 29 46 48 
0 0 15 30 48 51 
0 0 14 30 50 54 
0 0 14 30 51 57 
0 0 14 31 54 61 
0 8 22 36 57 62 
0 13 26 40 58 62 
0 14 28 41 58 60 
0 13 27 41 57 58 
0 12 26 39 54 55 
0 11 24 38 52 53 
0 11 23 36 49 48 
0 10 22 35 47 47 
0 10 21 34 48 48 
0 7 21 34 49 51 
0 6 20 34 51 53 
0 4 20 35 53 57 
0 2 18 34 54 59 
7 2 18 34 56 62 
49 10 26 41 64 65 
165 16 30 44 61 70 
249 16 31 45 61 64 
261 15 29 43 60 66 
299 14 27 41 61 61 
276 14 27 38 53 58 
274 13 26 38 50 50 
243 12 24 36 49 48 
202 10 22 35 48 49 
160 9 22 35 54 52 
139 8 22 35 52 55 
136 7 22 37 56 59 
125 7 22 37 57 62 
116 7 23 40 60 66 
86 19 32 45 63 67 
73 23 35 48 65 68 
62 22 35 48 63 65 
52 20 34 47 61 63 
37 19 32 44 58 58 
36 17 30 43 56 56 
27 15 27 39 52 51 
26 11 24 37 50 50 
19 10 23 36 54 51 
12 10 23 37 52 54 
8 9 23 37 53 56 
5 7 22 37 56 60 
1 6 22 37 57 62 
0 6 23 38 60 65 
0 18 31 45 62 67 
0 20 34 47 64 67 
0 20 33 46 62 65 
0 17 31 45 60 62 
0 15 29 42 57 57 
0 14 27 40 54 55 
0 11 25 37 51 50 
0 9 22 34 48 48 
0 9 22 34 48 48 
0 7 21 34 49 51 
0 5 19 33 50 53 
0 2 18 33 52 56 
0 1 17 33 54 58 
0 1 17 34 55 61 
0 8 24 39 59 64 
0 16 30 43 61 65 
0 18 32 45 61 63 
0 19 32 45 60 62 
0 17 30 43 58 58 
0 15 28 41 55 56 
0 14 26 39 53 52 
0 12 24 36 49 48 
0 11 23 35 48 48 
0 9 22 35 48 49 
