0 13 130 191 213 196 
0 12 60 113 190 184 
0 10 34 69 159 170 
0 9 25 46 129 143 
0 9 22 38 111 127 
0 8 21 35 98 115 
0 7 21 35 91 108 
0 5 20 35 86 103 
0 4 20 35 83 99 
0 3 20 35 80 96 
0 4 22 38 80 96 
0 14 29 43 80 93 
0 16 31 44 78 90 
0 16 30 44 75 85 
39 13 28 42 76 80 
57 12 25 39 67 74 
102 10 24 37 63 69 
136 9 21 33 58 63 
180 8 21 33 56 61 
191 6 20 33 56 62 
197 5 20 34 58 64 
213 5 20 35 59 67 
167 3 19 35 66 70 
133 1 19 35 62 72 
109 7 24 39 66 76 
83 17 31 44 68 76 
63 19 32 46 68 74 
67 17 32 45 65 71 
64 14 29 43 63 68 
56 11 25 39 59 63 
40 8 22 35 55 59 
33 6 19 32 51 54 
38 4 17 31 49 53 
74 3 17 31 54 55 
83 2 17 31 51 57 
97 1 17 32 58 60 
96 0 17 32 60 62 
99 0 16 32 56 65 
110 5 22 38 61 69 
111 15 29 43 63 70 
104 18 32 44 64 72 
121 18 31 44 63 67 
99 16 30 43 65 64 
71 14 27 40 58 60 
50 10 24 38 54 56 
36 9 21 34 55 52 
22 8 21 33 50 52 
13 5 19 32 50 54 
4 4 19 33 52 56 
0 4 19 33 53 59 
0 3 19 34 55 61 
0 3 19 35 57 64 
0 5 22 38 61 68 
0 17 30 43 63 69 
0 21 33 46 65 68 
0 20 33 46 63 67 
0 19 32 45 62 64 
0 18 31 44 59 61 
0 19 31 43 57 59 
0 18 30 41 54 54 
0 18 29 40 53 53 
0 16 29 41 54 54 
0 14 28 41 56 57 
0 12 27 41 58 60 
0 12 27 42 60 64 
0 11 26 42 61 66 
0 8 25 41 63 70 
0 20 33 47 66 72 
17 25 37 50 68 72 
35 24 37 50 67 70 
59 24 37 49 69 67 
101 22 35 47 62 63 
110 23 34 46 59 59 
161 22 33 44 56 60 
182 20 31 43 59 55 
211 18 30 42 55 56 
193 14 29 42 61 59 
155 13 27 42 59 62 
151 11 27 42 62 65 
114 10 26 42 62 68 
100 14 31 46 66 72 
85 26 37 50 68 73 
72 27 40 52 68 72 
67 25 38 51 67 69 
59 22 35 48 68 65 
50 19 32 45 60 61 
61 15 29 42 57 57 
60 14 26 38 52 53 
65 11 24 37 52 52 
64 10 23 36 51 54 
64 9 22 36 57 56 
82 9 23 37 56 59 
76 9 23 38 62 63 
80 7 23 38 59 65 
83 14 31 45 64 69 
100 25 37 49 67 71 
86 27 39 52 67 69 
81 26 39 51 66 68 
78 24 37 49 68 64 
65 21 34 46 61 61 
49 19 31 44 61 57 
59 18 29 41 58 53 
48 16 28 40 57 53 
35 14 27 40 54 56 
20 13 27 40 55 58 
11 12 27 41 58 61 
3 11 26 41 60 64 
0 10 25 41 61 67 
0 17 32 46 65 70 
0 24 37 50 67 71 
0 26 38 51 67 69 
0 24 37 50 65 67 
0 22 35 48 63 63 
0 20 33 46 60 60 
0 18 31 43 57 57 
0 17 29 41 53 53 
0 15 27 40 52 52 
0 13 26 39 53 54 
0 12 26 39 54 56 
0 9 24 38 56 59 
0 7 23 38 57 62 
0 4 21 37 58 63 
0 5 22 39 61 67 
0 18 31 44 63 68 
2 22 35 48 64 68 
50 22 35 48 64 66 
68 20 34 47 66 63 
165 19 32 44 59 63 
158 15 29 41 56 60 
136 15 26 38 51 55 
123 13 25 37 50 50 
97 13 25 38 52 53 
76 12 25 39 54 56 
57 12 26 40 56 59 
46 10 25 40 58 62 
47 9 24 39 64 65 
38 11 29 44 68 69 
42 22 35 48 66 70 
43 23 36 49 65 68 
32 23 36 49 64 66 
33 21 34 47 62 62 
29 19 31 44 63 59 
24 16 29 42 55 55 
20 13 25 37 50 50 
26 11 24 37 50 50 
25 9 23 35 55 52 
46 10 24 37 53 55 
70 9 23 37 54 58 
84 7 23 37 61 61 
72 5 21 37 58 64 
67 11 28 43 63 68 
61 22 35 47 64 68 
46 24 37 50 65 67 
38 23 36 49 68 65 
29 22 35 48 66 62 
18 21 33 45 63 59 
12 19 31 43 55 54 
5 19 30 41 53 51 
0 17 29 41 52 52 
0 16 29 41 54 54 
0 16 29 42 56 57 
0 15 28 42 58 61 
0 11 27 42 60 63 
0 8 24 40 60 65 
0 12 30 45 64 69 
0 24 36 49 66 70 
0 27 39 51 67 69 
0 26 38 51 65 67 
0 23 36 49 63 63 
0 21 34 47 60 60 
0 19 32 44 57 57 
0 17 29 41 53 52 
0 15 27 39 51 52 
0 14 26 39 52 53 
0 12 26 39 54 55 
0 10 25 39 55 57 
0 8 24 39 57 61 
0 6 22 38 58 63 
0 6 22 38 60 66 
0 17 31 44 63 67 
0 20 34 47 64 67 
0 19 33 46 62 65 
0 17 31 45 60 62 
0 16 29 42 57 58 
