42 9 128 191 214 192 
39 8 56 110 196 189 
39 7 31 65 159 166 
49 5 20 43 131 143 
113 3 17 34 110 126 
169 2 16 31 100 113 
235 0 16 31 88 106 
304 0 16 31 83 101 
292 0 15 32 80 98 
300 0 14 31 77 95 
274 2 19 36 82 94 
264 10 25 39 77 91 
204 12 26 40 74 90 
191 12 25 39 75 85 
190 9 23 37 66 75 
168 7 21 35 67 70 
146 6 19 32 63 65 
144 4 17 29 58 60 
125 4 17 30 53 59 
116 3 17 31 54 61 
92 1 17 31 56 63 
77 0 17 32 62 66 
71 0 16 32 58 68 
52 0 16 32 60 70 
38 8 23 37 63 73 
28 13 27 41 69 73 
22 14 29 43 64 70 
20 13 28 42 62 68 
13 12 26 39 59 63 
8 10 24 37 57 60 
4 7 21 34 53 56 
0 5 18 31 49 52 
0 5 18 30 49 52 
0 3 17 30 49 54 
0 1 16 31 51 56 
0 0 15 31 52 59 
0 0 15 31 54 61 
0 0 14 31 55 63 
0 0 17 34 58 67 
0 10 24 38 61 68 
0 12 27 41 61 67 
0 11 25 40 60 64 
0 9 24 37 57 61 
0 7 22 35 54 57 
0 6 20 33 51 54 
0 3 17 30 48 49 
0 2 16 29 46 48 
0 2 15 28 45 48 
0 0 14 29 47 51 
0 0 14 28 48 53 
0 0 13 29 50 56 
0 0 13 29 52 58 
0 0 12 29 53 60 
0 3 19 34 57 64 
0 9 24 37 58 65 
0 11 26 40 59 63 
0 8 24 38 57 61 
0 8 22 36 55 58 
0 6 20 34 52 54 
0 4 18 32 49 51 
0 2 16 29 45 47 
4 1 15 28 44 46 
25 0 15 28 49 48 
41 0 15 29 47 50 
39 0 14 29 48 53 
47 0 14 30 56 57 
56 0 14 30 57 59 
73 0 15 32 56 63 
87 6 21 35 62 64 
155 9 24 38 63 64 
220 9 24 38 57 61 
262 7 22 37 59 58 
369 4 19 33 55 54 
351 4 17 31 52 50 
339 3 16 28 44 45 
313 1 15 27 43 44 
290 0 13 27 43 46 
263 0 13 27 50 49 
264 0 12 27 51 51 
208 0 12 28 49 54 
180 0 12 29 51 58 
143 0 16 33 60 62 
136 7 21 36 57 63 
108 9 23 38 56 60 
88 6 22 36 55 59 
78 5 20 35 52 56 
59 4 19 32 50 52 
53 3 17 31 47 49 
41 2 16 28 43 44 
28 2 16 28 43 44 
22 2 15 28 44 46 
13 1 15 29 46 49 
11 0 16 30 48 52 
7 0 16 32 51 56 
3 0 15 32 53 58 
0 0 17 33 55 62 
0 8 23 37 58 63 
0 12 26 40 59 62 
0 10 25 40 57 60 
0 9 23 37 55 57 
0 7 21 35 51 53 
0 6 20 33 49 51 
0 5 19 32 46 46 
0 4 17 30 44 45 
0 3 17 30 44 45 
0 2 17 30 46 48 
0 0 16 30 47 50 
0 0 15 31 49 54 
0 0 14 30 51 56 
0 0 13 30 52 59 
0 2 20 35 56 62 
0 11 25 39 58 62 
0 12 26 41 58 61 
0 11 26 40 57 59 
0 8 23 37 54 56 
0 6 21 34 51 52 
14 4 19 32 53 49 
28 3 16 29 44 45 
27 1 15 28 48 44 
45 0 15 28 48 46 
47 0 15 29 51 49 
44 0 14 29 51 51 
61 0 13 30 50 54 
128 0 13 30 51 57 
191 0 17 34 55 62 
286 9 23 38 57 62 
298 11 25 40 62 61 
347 9 24 38 60 59 
351 7 22 35 57 55 
302 6 20 33 49 51 
273 5 18 31 51 47 
231 2 15 28 42 43 
194 2 15 28 42 43 
161 0 14 28 48 46 
154 0 15 29 49 48 
147 0 15 30 52 52 
141 0 14 30 54 55 
126 0 13 30 52 58 
95 4 20 35 60 61 
75 11 25 39 58 62 
62 11 25 39 57 60 
51 10 25 39 56 58 
41 8 22 36 52 54 
29 7 20 34 50 51 
18 5 19 32 47 47 
12 4 17 30 44 44 
5 2 16 29 43 44 
0 1 15 29 44 46 
0 0 15 30 46 48 
0 0 15 30 48 52 
0 0 15 31 50 54 
0 0 15 31 52 57 
0 0 18 34 55 61 
0 11 25 39 57 62 
0 13 27 41 58 62 
0 12 27 41 57 60 
0 12 26 40 55 57 
0 10 24 37 52 53 
0 9 23 35 50 51 
0 8 21 33 47 47 
0 7 19 32 45 45 
0 7 20 32 45 46 
0 6 20 33 47 49 
0 3 19 33 49 51 
0 1 17 33 51 55 
0 0 16 32 52 57 
0 0 15 32 54 60 
0 9 23 37 57 62 
0 13 27 41 59 63 
0 13 28 42 58 61 
0 13 27 41 57 59 
0 11 26 39 54 55 
0 9 22 36 51 52 
0 6 20 34 49 49 
0 4 17 30 45 45 
0 3 16 29 44 44 
0 3 16 29 44 46 
0 1 16 30 46 48 
0 0 15 30 48 51 
0 0 15 31 50 54 
