0 0 117 183 206 191 
0 2 53 110 195 196 
0 7 32 68 166 177 
0 8 26 49 140 156 
0 6 22 40 120 138 
0 5 20 35 103 120 
0 3 18 32 90 106 
0 1 16 30 80 94 
0 0 14 27 71 84 
15 0 13 26 71 79 
66 0 12 26 69 78 
165 0 12 27 68 76 
189 0 12 27 63 77 
200 0 12 29 63 77 
191 0 12 29 64 79 
172 3 19 34 72 80 
204 8 23 38 67 79 
226 8 23 38 65 75 
323 7 22 37 63 71 
416 5 20 34 59 66 
490 4 19 32 56 62 
476 3 16 29 55 56 
448 2 15 27 53 54 
416 0 14 27 48 53 
346 0 13 27 54 56 
282 0 12 28 50 58 
242 0 12 29 57 61 
202 0 12 29 54 63 
206 0 12 30 57 67 
194 4 19 34 59 69 
150 8 22 37 65 68 
142 7 22 36 63 66 
113 6 21 35 57 62 
91 4 19 33 53 58 
84 3 18 31 55 55 
67 2 16 30 52 50 
53 0 14 27 46 49 
51 0 13 26 45 49 
46 0 13 27 51 52 
32 0 12 27 48 54 
32 0 13 29 51 58 
24 0 13 29 57 60 
14 0 12 29 59 64 
9 5 19 34 58 65 
1 9 23 37 59 65 
0 9 24 37 58 63 
0 9 23 37 57 61 
0 7 21 35 54 57 
0 5 19 33 51 54 
0 4 18 31 49 50 
0 2 15 28 45 47 
0 0 14 27 44 47 
0 0 13 27 44 48 
11 0 14 28 47 51 
25 0 13 28 53 54 
26 0 13 29 55 57 
23 0 12 29 52 59 
80 0 16 32 56 63 
141 7 22 36 62 64 
161 10 25 38 58 67 
229 10 24 38 57 61 
243 9 23 37 59 57 
270 8 21 34 56 54 
374 7 20 33 53 51 
340 5 17 29 49 47 
321 2 16 29 45 46 
324 2 16 30 45 48 
272 0 16 30 52 51 
269 0 15 30 54 55 
229 0 13 29 51 57 
241 0 13 29 57 61 
199 4 19 35 57 64 
176 9 24 38 63 64 
170 11 26 39 58 66 
165 11 26 39 56 59 
149 9 23 37 58 55 
123 7 21 35 51 53 
105 7 19 33 48 48 
81 5 18 30 45 46 
64 3 17 30 49 47 
49 2 16 30 47 49 
40 2 16 30 49 52 
36 0 16 31 55 56 
32 0 15 31 52 58 
25 0 14 31 58 61 
15 8 21 36 62 64 
13 11 26 40 59 64 
5 12 27 41 58 62 
0 11 26 40 57 59 
0 9 24 37 54 56 
0 7 22 35 51 53 
0 5 19 33 49 49 
0 3 16 29 45 45 
0 2 15 28 44 46 
0 0 14 27 44 47 
0 0 14 29 46 49 
0 0 14 29 48 52 
15 0 14 30 55 55 
39 0 13 30 51 57 
66 0 16 33 60 62 
81 7 22 36 57 63 
107 9 24 39 58 62 
113 10 25 38 56 63 
116 8 23 38 54 56 
130 9 23 35 52 53 
171 8 21 35 54 50 
173 6 19 31 50 46 
252 4 18 30 49 45 
302 3 16 30 45 47 
339 0 16 30 47 50 
345 0 15 30 53 53 
346 0 14 30 54 55 
345 0 14 30 56 59 
283 2 19 35 56 62 
242 8 23 38 62 63 
199 10 24 38 61 64 
159 8 23 38 60 58 
156 6 21 35 57 54 
148 6 20 33 54 51 
139 5 18 31 47 47 
121 3 16 29 43 44 
116 0 15 28 43 44 
91 0 13 28 44 46 
88 0 13 28 46 49 
69 0 13 29 48 52 
59 0 12 28 49 55 
55 0 11 28 55 58 
55 2 18 33 59 61 
38 8 23 36 56 62 
29 10 24 39 60 59 
25 9 24 37 59 58 
14 7 22 35 57 54 
10 7 21 34 50 51 
1 6 20 32 48 48 
0 3 17 29 44 44 
0 2 16 28 43 44 
0 0 15 29 43 46 
0 0 14 28 45 48 
0 0 14 28 47 50 
0 0 14 30 49 54 
0 0 13 30 50 56 
0 0 14 31 54 60 
0 8 22 36 56 61 
0 10 25 39 57 61 
0 11 26 40 56 59 
0 10 25 39 55 57 
0 10 24 37 52 53 
0 9 22 35 49 50 
0 7 21 34 47 47 
0 6 19 31 45 45 
0 5 18 31 45 45 
0 5 18 32 47 48 
0 3 18 32 48 50 
0 1 16 32 50 54 
0 0 16 32 52 56 
0 0 15 32 53 59 
0 4 21 36 57 62 
0 10 25 40 58 63 
0 10 25 40 58 61 
0 8 23 38 56 59 
0 7 22 36 54 56 
0 5 19 33 50 52 
0 2 17 31 47 48 
