0 0 123 189 212 196 
0 0 49 106 191 191 
0 0 24 60 157 166 
0 0 15 38 128 143 
0 0 11 28 107 124 
0 0 10 25 92 110 
0 0 10 25 84 103 
0 0 10 25 78 96 
0 0 10 26 75 93 
0 0 10 26 73 89 
0 0 9 26 71 94 
0 0 14 30 71 88 
0 2 18 33 70 85 
0 3 19 33 68 80 
0 4 19 34 65 76 
0 3 18 32 62 71 
0 2 16 30 58 66 
0 0 15 29 55 62 
24 0 13 26 55 57 
56 0 12 26 54 56 
64 0 11 25 53 56 
69 0 10 26 50 58 
62 0 9 25 56 65 
54 0 10 26 57 63 
48 0 9 26 53 66 
36 0 12 29 61 68 
31 4 18 33 59 69 
32 8 22 36 60 68 
27 6 22 36 63 66 
24 5 20 35 61 63 
20 3 18 32 53 58 
31 2 17 31 51 56 
93 1 16 29 48 51 
154 0 13 26 50 49 
208 0 12 26 45 49 
206 0 11 27 47 52 
230 0 11 27 49 55 
242 0 10 28 55 58 
209 0 8 26 52 62 
190 0 10 28 54 64 
178 3 18 32 61 65 
167 5 20 35 61 64 
140 4 20 34 60 61 
111 2 18 33 53 57 
82 0 16 30 50 54 
76 0 14 28 52 51 
86 0 13 26 48 46 
78 0 11 25 42 45 
62 0 11 25 43 47 
60 0 11 25 45 49 
44 0 11 26 51 52 
43 0 10 27 50 56 
31 0 10 27 51 58 
23 0 10 28 54 62 
14 0 15 31 59 63 
10 1 17 32 55 62 
7 0 16 31 53 59 
5 0 13 29 51 56 
3 0 10 26 46 51 
2 0 10 24 44 48 
0 0 9 23 41 49 
0 0 8 21 38 47 
0 0 8 22 37 47 
0 0 7 22 38 50 
0 0 7 22 40 52 
0 0 6 22 41 55 
0 0 5 22 43 57 
0 0 4 21 44 59 
0 0 6 24 47 62 
0 0 13 28 48 58 
0 0 16 31 50 57 
0 0 16 31 50 55 
0 0 15 30 48 52 
0 0 14 28 46 49 
13 0 13 27 45 47 
41 0 12 25 41 42 
42 0 11 24 40 41 
50 0 9 23 40 44 
76 0 9 24 45 51 
60 0 9 24 41 53 
46 0 9 25 48 53 
40 0 10 26 45 53 
27 0 10 27 53 58 
16 1 17 32 57 60 
8 6 20 35 54 60 
3 5 20 35 54 58 
2 3 19 34 53 56 
0 1 17 31 49 52 
0 0 14 29 47 49 
2 0 13 27 44 45 
31 0 10 24 40 42 
77 0 10 23 44 42 
85 0 9 23 40 45 
145 0 8 23 41 48 
140 0 7 23 42 50 
168 0 7 24 48 52 
144 0 6 24 46 56 
110 0 12 29 50 58 
82 0 16 32 52 59 
76 1 17 33 57 57 
52 1 16 31 51 55 
42 0 16 30 48 51 
32 0 13 28 46 48 
38 0 12 26 43 45 
32 0 9 23 44 42 
30 0 9 22 37 46 
20 0 10 23 38 43 
15 0 10 25 45 45 
19 0 9 25 43 49 
10 0 10 26 45 52 
4 0 9 26 47 59 
1 0 10 27 49 58 
0 2 17 32 52 59 
0 5 20 34 54 59 
0 5 20 35 53 57 
0 5 20 34 52 54 
0 5 19 33 49 51 
0 4 18 32 47 48 
0 3 17 30 45 45 
0 1 15 28 42 43 
0 0 14 28 42 43 
0 0 14 28 44 46 
0 0 14 29 46 48 
0 0 13 29 48 52 
0 0 12 29 49 54 
0 0 11 28 50 57 
0 0 15 32 54 60 
0 4 20 35 55 61 
0 6 22 36 56 59 
0 5 21 35 54 57 
0 5 20 34 52 54 
0 4 18 32 49 51 
0 2 17 30 46 48 
0 0 14 27 42 43 
8 0 12 25 41 42 
17 0 11 25 45 43 
44 0 11 25 47 46 
46 0 9 24 48 53 
36 0 9 25 49 57 
25 0 8 24 45 55 
20 0 7 25 47 58 
16 0 14 30 54 58 
12 2 18 33 52 58 
9 3 18 33 50 55 
7 2 18 32 50 53 
16 2 16 31 52 50 
19 1 16 29 45 47 
30 0 14 27 42 43 
79 0 12 26 40 41 
104 0 12 25 40 41 
160 0 11 26 46 45 
251 0 11 26 47 47 
254 0 10 27 51 51 
227 0 10 27 48 53 
197 0 10 28 50 57 
168 1 16 32 57 59 
139 4 19 35 54 59 
128 4 19 34 52 57 
117 1 18 33 51 54 
115 0 15 30 47 49 
98 0 12 27 44 46 
79 0 10 24 40 41 
66 0 8 22 42 41 
52 0 8 22 41 42 
43 0 7 22 42 48 
33 0 7 22 43 50 
24 0 6 22 40 50 
14 0 6 23 42 52 
6 0 6 23 43 58 
0 0 11 27 47 56 
0 0 14 30 49 56 
0 0 15 31 49 54 
0 0 15 30 48 52 
0 0 14 29 47 49 
0 0 12 27 43 46 
0 0 11 25 41 43 
0 0 10 23 38 39 
0 0 9 23 37 44 
0 0 8 22 36 41 
0 0 8 23 38 48 
0 0 8 24 39 50 
0 0 8 24 41 54 
0 0 8 25 43 52 
0 0 8 25 45 59 
0 0 14 30 48 56 
0 2 18 33 50 57 
0 3 18 33 51 54 
0 2 18 33 50 53 
0 2 17 31 48 50 
0 0 15 29 45 47 
0 0 14 28 43 44 
0 0 12 25 39 40 
0 0 11 24 39 40 
0 0 11 24 40 41 
0 0 10 26 42 44 
0 0 10 26 43 47 
0 0 10 26 46 50 
0 0 9 26 47 58 
0 0 10 27 49 57 
0 0 16 32 51 58 
0 4 19 34 53 58 
0 3 19 33 51 55 
0 2 18 32 50 53 
0 2 17 31 47 49 
