0 7 130 195 241 228 
0 5 56 112 214 218 
0 4 28 64 174 188 
0 3 20 42 142 161 
0 1 15 31 118 139 
0 0 13 28 102 123 
0 0 12 27 93 113 
0 0 12 27 86 106 
0 0 10 27 81 102 
0 0 10 27 78 97 
0 0 8 26 76 100 
0 0 14 31 76 94 
8 2 18 33 75 91 
31 3 19 34 73 86 
34 1 18 33 73 81 
66 0 16 31 69 76 
64 0 14 28 65 70 
57 0 11 26 61 65 
48 0 8 22 51 61 
42 0 7 21 53 59 
37 0 6 20 52 60 
37 0 6 21 53 62 
40 0 6 21 49 67 
29 0 7 23 51 66 
24 0 7 25 52 67 
23 0 10 28 56 69 
23 0 16 31 59 70 
45 4 19 34 64 69 
59 4 19 34 59 66 
70 3 19 34 58 64 
71 2 17 31 55 60 
57 0 16 30 57 58 
37 0 13 27 52 52 
28 0 12 25 46 51 
18 0 11 26 46 52 
18 0 11 26 48 54 
16 0 10 25 54 57 
12 0 10 26 52 60 
29 0 9 26 53 64 
87 0 9 27 59 68 
144 0 16 32 61 67 
223 4 20 35 58 67 
314 5 20 35 57 64 
296 3 19 34 55 61 
300 1 16 31 52 57 
270 0 15 29 54 54 
233 0 13 26 45 48 
199 0 12 25 44 48 
170 0 11 25 49 49 
164 0 10 25 51 52 
142 0 9 25 47 55 
112 0 9 26 50 59 
94 0 10 27 55 60 
116 0 11 29 55 64 
97 4 19 34 62 65 
76 6 21 35 63 64 
51 5 21 35 57 62 
37 5 19 34 60 59 
25 3 17 31 56 55 
19 3 16 30 49 53 
11 1 15 28 46 47 
6 0 13 26 44 47 
1 0 12 26 44 47 
0 0 11 26 46 50 
0 0 11 26 48 52 
0 0 11 27 50 56 
0 0 10 27 52 58 
0 0 10 28 53 62 
0 0 16 32 57 64 
0 2 18 34 57 63 
0 2 19 34 56 61 
0 2 18 33 54 59 
0 2 17 32 52 55 
0 1 16 30 49 52 
0 0 14 28 46 48 
0 0 11 25 43 45 
0 0 9 23 41 50 
2 0 8 22 41 51 
15 0 7 23 42 53 
79 0 6 23 42 52 
69 0 7 24 45 59 
53 0 6 24 50 61 
38 0 8 25 49 65 
30 0 14 30 51 60 
21 0 16 31 53 59 
14 0 15 31 56 57 
10 0 15 30 50 54 
5 0 13 28 47 50 
5 0 12 26 45 47 
1 0 11 24 42 43 
0 0 9 22 40 47 
0 0 8 22 39 48 
12 0 8 23 45 51 
61 0 8 23 41 49 
143 0 8 24 43 53 
161 0 7 24 49 55 
195 0 7 24 47 58 
166 0 14 30 55 60 
154 4 18 33 57 60 
139 2 19 34 53 58 
132 4 18 33 52 56 
162 2 17 32 54 52 
135 0 15 29 47 49 
133 0 14 28 44 45 
122 0 11 24 41 43 
115 0 10 25 41 43 
93 0 11 25 43 46 
74 0 10 25 49 49 
58 0 10 25 47 53 
41 0 9 26 49 56 
28 0 8 26 49 60 
19 0 14 30 52 60 
10 1 17 32 53 60 
4 2 18 33 53 58 
2 2 17 32 51 55 
7 1 17 31 50 52 
3 0 15 29 47 49 
4 0 13 27 44 46 
2 0 11 24 41 42 
2 0 10 24 40 42 
0 0 9 23 41 49 
0 0 9 24 42 52 
0 0 9 25 43 54 
0 0 9 25 44 57 
0 0 10 26 46 54 
0 0 10 27 50 58 
0 2 17 32 53 60 
1 5 20 35 55 60 
9 6 21 35 54 58 
28 3 19 34 53 56 
58 3 18 32 49 52 
68 1 16 30 47 49 
69 0 15 28 44 45 
58 0 13 26 42 43 
40 0 13 26 42 43 
27 0 12 26 48 47 
22 0 11 27 45 49 
11 0 10 26 47 53 
7 0 10 27 49 55 
6 0 10 27 51 58 
11 0 17 32 54 61 
12 4 20 35 56 61 
17 4 20 35 60 59 
37 3 19 34 58 57 
103 0 16 31 49 52 
181 0 14 29 47 49 
222 0 11 26 43 45 
205 0 9 22 39 43 
227 0 8 22 42 43 
236 0 8 22 43 44 
191 0 9 23 41 47 
157 0 8 24 43 51 
135 0 8 25 49 54 
117 0 8 25 46 56 
112 0 15 31 50 59 
105 6 20 35 53 59 
96 6 21 35 58 58 
75 4 20 34 57 56 
57 2 17 32 54 52 
55 2 16 30 51 49 
40 0 15 28 44 45 
30 0 13 26 41 42 
22 0 11 25 40 42 
12 0 11 25 42 45 
6 0 11 26 44 47 
2 0 10 26 46 50 
0 0 9 26 47 58 
0 0 6 25 47 60 
0 0 10 27 49 58 
0 0 16 31 51 59 
0 1 17 32 52 57 
0 0 15 31 50 55 
0 0 13 29 48 52 
0 0 11 26 45 48 
0 0 10 24 42 44 
0 0 8 22 39 45 
0 0 6 20 36 44 
0 0 4 19 34 40 
0 0 4 19 35 46 
0 0 4 20 37 49 
0 0 5 21 39 52 
0 0 5 22 41 54 
0 0 5 23 43 57 
0 0 10 27 47 55 
0 0 16 31 49 56 
0 1 17 33 51 55 
0 2 17 32 50 54 
0 1 17 31 48 51 
0 0 15 29 46 48 
0 0 14 27 44 45 
0 0 11 25 40 41 
0 0 8 22 38 45 
0 0 8 22 37 46 
0 0 8 23 38 49 
0 0 8 23 39 51 
0 0 7 24 42 54 
0 0 7 24 43 56 
0 0 7 24 44 59 
0 0 13 29 48 57 
0 1 16 32 50 57 
0 1 17 32 51 55 
0 1 17 32 50 53 
0 0 15 31 48 51 
