143 0 90 154 181 167 
142 0 27 80 172 163 
158 9 13 47 152 157 
175 8 11 35 134 153 
185 13 15 35 125 148 
189 10 16 39 121 150 
201 11 25 48 116 147 
208 8 28 48 107 134 
211 5 23 44 95 113 
212 3 19 38 83 98 
198 0 12 28 69 81 
201 0 7 22 57 69 
204 2 2 12 41 50 
207 4 0 2 30 44 
206 4 0 5 29 44 
211 6 0 10 33 46 
217 10 6 18 40 52 
224 12 12 26 51 66 
226 14 16 32 60 75 
222 12 18 40 72 86 
228 12 27 50 81 94 
234 11 28 49 80 92 
241 8 26 46 78 82 
280 7 21 40 65 73 
303 6 15 31 55 60 
301 5 9 23 46 53 
303 7 5 15 32 37 
281 9 0 3 19 30 
274 8 0 4 24 31 
318 10 0 9 23 32 
352 15 7 19 37 41 
331 15 12 25 43 55 
316 17 17 33 53 65 
292 16 18 38 69 80 
315 16 27 50 77 88 
359 14 29 49 77 85 
391 14 28 47 76 77 
445 11 21 39 62 72 
620 13 16 33 53 60 
1022 17 11 25 44 51 
1023 14 4 14 30 30 
1023 14 0 3 18 20 
951 16 0 6 20 24 
710 16 2 12 26 31 
527 19 8 20 35 39 
389 19 13 27 49 51 
286 17 17 34 58 60 
207 15 20 42 67 77 
146 11 28 50 77 85 
100 3 29 50 75 82 
67 0 25 45 72 73 
41 0 20 38 60 65 
22 0 13 30 51 54 
6 0 7 22 41 50 
155 0 6 16 30 31 
868 15 0 4 22 24 
963 15 0 5 22 22 
1023 19 1 11 22 27 
1007 21 8 20 32 37 
882 22 12 26 46 47 
725 23 17 33 52 58 
605 18 19 39 63 77 
516 17 27 50 75 83 
454 15 30 49 74 80 
404 13 27 46 68 72 
353 10 21 40 60 64 
318 7 16 32 50 52 
289 6 10 24 40 42 
252 7 5 15 29 29 
237 5 0 3 20 23 
237 8 0 5 20 24 
236 9 1 10 26 27 
226 12 8 19 31 35 
227 13 13 27 41 50 
221 16 18 35 51 60 
216 15 19 41 63 72 
218 15 28 50 75 83 
222 14 29 50 74 81 
218 12 28 47 69 73 
221 8 22 40 61 64 
201 5 16 33 50 52 
204 0 10 24 41 43 
200 3 6 16 29 30 
201 4 0 4 16 23 
204 5 0 5 15 23 
213 8 0 10 20 25 
220 13 8 19 30 34 
221 13 12 27 40 44 
212 16 18 35 50 55 
216 15 19 39 61 69 
