187 0 121 199 224 204 
209 0 35 99 191 189 
218 0 7 44 147 156 
198 0 4 21 111 124 
208 0 0 3 77 99 
213 4 0 3 68 87 
218 5 0 6 62 82 
230 12 5 16 60 78 
236 14 10 23 64 82 
248 17 16 32 72 88 
250 16 16 36 79 98 
257 15 25 48 91 108 
259 12 28 49 88 103 
266 12 26 47 82 93 
261 8 21 39 76 82 
225 5 15 32 61 69 
210 1 8 23 50 59 
229 3 6 16 41 44 
295 7 0 4 27 35 
371 10 0 4 25 30 
585 13 0 8 23 35 
1023 22 9 20 35 43 
1023 21 12 26 45 58 
1023 18 17 34 56 69 
1023 22 18 41 67 80 
1023 21 27 50 79 90 
1023 17 29 49 78 92 
1023 15 25 44 70 82 
1023 13 19 37 61 71 
972 13 13 29 49 53 
839 13 8 22 42 45 
755 14 2 11 31 27 
1023 19 0 4 18 23 
1023 19 0 7 20 26 
1023 16 5 16 28 34 
1023 17 10 23 38 47 
1023 23 17 32 50 56 
768 19 18 36 57 65 
573 18 23 46 71 86 
424 16 29 51 76 89 
311 13 30 49 73 85 
227 8 22 41 64 69 
162 3 19 36 61 60 
114 0 8 25 45 50 
76 0 5 20 40 40 
49 0 0 8 26 29 
26 0 0 1 13 23 
11 0 0 3 19 25 
0 0 0 9 21 27 
126 6 7 18 36 37 
1023 17 15 29 43 56 
1023 18 18 35 52 63 
1023 17 22 43 67 81 
1023 22 28 51 76 84 
905 18 29 50 73 80 
740 15 23 42 64 69 
646 13 20 37 57 61 
552 10 10 26 45 51 
488 10 7 21 36 37 
432 10 0 9 26 22 
390 11 0 2 13 17 
338 10 0 6 19 20 
287 13 4 15 24 29 
243 13 10 22 34 42 
238 16 16 31 46 55 
243 15 19 36 54 65 
244 14 23 46 69 82 
239 13 29 51 75 82 
247 12 29 49 72 78 
250 7 23 42 68 68 
246 7 20 37 60 59 
241 5 11 26 48 46 
237 7 8 21 42 39 
220 5 1 9 21 27 
216 6 0 3 18 22 
213 7 0 6 20 24 
214 10 5 15 24 29 
217 12 9 21 33 36 
219 15 16 30 45 55 
203 14 18 36 54 63 
181 12 22 45 72 77 
166 11 29 51 75 81 
154 8 30 50 77 79 
142 1 23 42 68 68 
132 0 19 37 57 60 
