168 0 122 199 249 233 
195 0 33 96 204 205 
207 0 7 42 158 172 
215 1 0 16 115 132 
222 2 0 2 84 111 
230 4 0 3 75 98 
205 5 1 11 68 92 
194 8 6 18 70 92 
195 10 12 26 78 95 
207 12 15 31 77 97 
218 10 18 40 88 114 
221 10 26 49 94 112 
227 9 28 48 90 106 
233 4 21 41 80 92 
240 5 19 38 76 82 
242 3 10 27 63 67 
240 5 7 21 50 59 
239 4 1 10 38 42 
221 4 0 1 23 37 
227 6 0 5 24 39 
224 8 3 13 36 44 
230 10 7 20 40 50 
255 14 13 28 50 61 
299 15 16 34 64 75 
353 14 20 42 73 91 
490 15 27 49 85 92 
531 15 29 49 78 88 
540 12 22 42 69 77 
697 13 19 38 66 69 
737 11 10 27 50 59 
771 12 7 21 46 45 
1023 16 0 9 26 30 
1023 17 0 3 19 26 
925 15 0 7 25 28 
796 18 6 16 30 37 
679 17 9 22 43 45 
600 18 17 32 51 58 
554 18 18 35 59 69 
540 18 24 46 74 85 
551 16 28 50 77 86 
521 15 29 48 75 86 
492 11 21 40 69 75 
508 12 19 35 57 65 
490 7 10 25 44 48 
770 13 7 20 42 38 
1023 13 0 7 23 23 
1023 13 0 4 19 22 
1023 14 0 9 23 27 
886 18 7 17 31 36 
660 17 11 25 41 50 
490 22 18 33 56 58 
361 19 19 38 62 71 
264 16 26 49 75 85 
191 12 29 50 81 85 
135 6 28 48 73 79 
93 0 21 39 64 69 
61 0 16 34 55 59 
36 0 6 23 48 49 
17 0 3 17 38 42 
3 0 0 6 20 22 
0 0 0 1 15 18 
0 0 0 4 17 20 
0 0 0 11 25 34 
0 0 4 17 31 39 
0 0 8 23 39 53 
0 0 14 30 48 56 
525 18 18 39 62 72 
1023 20 27 50 76 89 
1023 19 29 50 75 86 
1023 18 25 44 67 76 
956 13 19 37 59 63 
788 12 13 30 53 51 
663 10 8 22 45 42 
560 12 2 12 30 25 
483 10 0 1 15 18 
426 10 0 4 20 20 
367 12 2 12 27 28 
320 14 8 19 32 36 
294 15 13 27 48 49 
278 16 16 33 52 58 
278 14 20 42 67 80 
262 13 28 50 76 87 
249 11 29 49 73 84 
260 8 24 43 70 69 
257 7 20 38 63 62 
254 3 12 29 52 49 
249 6 8 22 39 42 
237 7 3 12 29 26 
230 6 0 3 19 23 
225 6 0 6 16 25 
231 9 3 13 28 30 
220 11 8 21 32 37 
216 14 13 28 43 49 
215 14 17 34 52 62 
211 12 20 42 66 75 
210 12 28 51 75 87 
209 11 28 49 73 83 
212 7 24 43 65 69 
210 5 20 38 58 61 
200 0 13 29 47 48 
189 2 8 22 39 42 
192 5 3 12 24 26 
190 4 0 3 18 22 
192 4 0 6 20 24 
192 8 2 12 22 27 
188 10 8 20 32 36 
188 13 13 28 47 48 
185 14 17 34 56 61 
193 12 20 42 69 74 
