185 5 96 159 175 155 
202 10 39 94 170 167 
208 15 24 63 155 169 
220 12 18 47 139 165 
217 11 24 52 134 164 
193 8 28 50 122 145 
199 7 27 48 109 127 
208 1 19 39 92 109 
225 2 14 32 77 91 
230 0 8 23 68 78 
224 3 5 16 52 59 
222 5 0 3 31 48 
228 5 0 3 28 45 
231 6 0 8 34 47 
231 12 6 17 39 50 
229 11 10 24 47 58 
211 16 16 32 58 69 
209 13 18 38 67 80 
216 13 25 49 80 94 
266 12 29 49 80 96 
488 14 28 48 80 88 
1023 18 21 40 66 78 
1023 17 15 33 56 65 
1023 12 8 23 45 50 
807 14 3 13 31 33 
601 12 0 2 19 24 
446 11 0 3 17 24 
328 13 0 10 24 31 
550 15 8 19 38 40 
1023 21 15 28 46 57 
1023 21 17 35 55 63 
1023 20 21 44 70 81 
978 21 28 51 78 87 
828 20 30 50 76 84 
727 15 23 43 66 72 
945 15 21 38 60 64 
1023 16 12 28 48 51 
1023 18 8 22 39 40 
1023 19 0 9 23 25 
875 15 0 3 20 21 
653 14 0 6 17 23 
485 16 5 15 26 31 
358 15 10 22 36 41 
262 16 17 32 48 58 
189 15 19 36 61 65 
133 10 23 47 71 81 
91 4 29 50 75 83 
60 0 29 48 73 80 
35 0 21 41 68 69 
17 0 18 36 62 61 
4 0 11 27 46 48 
0 0 6 21 39 46 
0 0 1 12 25 31 
0 0 0 1 14 17 
0 0 0 2 15 17 
0 0 0 5 18 25 
0 0 4 15 28 37 
0 0 6 20 34 45 
1023 19 19 34 49 59 
1023 22 20 39 59 71 
1023 21 26 49 73 82 
1022 21 29 50 74 82 
834 17 28 48 71 76 
657 13 21 39 61 69 
552 12 16 33 51 58 
476 7 10 23 45 42 
419 7 7 16 30 31 
369 9 0 4 15 22 
338 12 0 3 18 22 
307 10 0 8 17 23 
311 15 7 18 27 32 
269 14 12 25 37 42 
258 18 18 34 49 54 
251 16 19 38 60 68 
236 14 26 50 73 80 
206 10 29 50 74 84 
206 10 28 48 69 77 
202 4 21 40 60 64 
213 4 16 33 51 52 
219 0 9 24 41 42 
220 2 6 17 35 31 
219 4 0 4 20 22 
220 8 0 4 14 22 
215 7 0 9 22 27 
218 13 8 19 28 32 
217 13 11 25 38 42 
200 17 18 34 49 54 
190 15 19 39 63 67 
197 13 27 49 78 85 
201 12 29 49 74 80 
