149 2 129 209 234 214 
172 0 39 105 198 200 
195 0 14 52 155 169 
181 0 6 27 120 136 
175 0 3 15 94 105 
187 0 0 2 64 86 
169 0 0 2 53 77 
182 2 0 7 50 74 
197 12 5 16 55 72 
202 13 10 24 61 77 
207 16 15 32 69 85 
212 14 16 38 77 95 
221 14 26 49 88 104 
224 12 28 49 86 100 
223 10 25 45 77 88 
230 8 20 38 68 78 
265 4 14 31 62 66 
1023 16 10 25 49 55 
1023 17 3 13 34 37 
1023 17 0 3 22 29 
1023 18 0 6 22 31 
792 16 3 13 29 38 
591 16 8 20 38 45 
636 18 14 28 49 61 
1023 22 18 35 58 71 
1023 21 22 45 74 90 
1023 21 28 51 80 94 
1023 20 29 49 76 85 
990 14 21 40 70 77 
845 14 19 36 59 68 
798 11 9 26 47 51 
949 13 7 21 43 40 
1023 13 0 8 23 25 
1023 19 0 4 17 23 
1023 18 0 8 19 27 
985 18 7 18 30 36 
738 18 10 23 38 48 
549 19 18 33 51 61 
405 20 18 36 59 68 
297 17 25 48 78 83 
216 14 29 50 75 83 
154 9 29 49 77 79 
107 0 21 40 63 68 
71 0 17 34 55 59 
45 0 7 23 43 48 
24 0 4 18 34 38 
9 0 0 7 20 21 
0 0 0 1 14 17 
0 0 0 4 16 19 
0 0 0 10 23 33 
0 0 4 17 31 41 
0 0 8 21 38 51 
0 0 14 30 47 55 
0 0 16 35 57 66 
89 5 24 46 71 80 
675 16 29 50 74 85 
1023 19 29 48 71 80 
1023 13 21 39 61 71 
1023 17 14 31 49 57 
897 12 9 23 40 42 
746 14 5 16 33 28 
605 12 0 2 15 18 
508 12 0 3 14 18 
438 12 0 9 23 25 
399 15 7 17 28 33 
361 15 12 26 39 44 
327 17 17 33 50 55 
300 14 18 39 61 69 
280 15 27 49 78 81 
264 13 29 49 73 84 
252 10 27 45 67 76 
244 9 21 39 64 63 
250 6 15 31 54 51 
232 5 10 24 40 42 
233 6 5 15 33 28 
231 6 0 3 19 22 
236 7 0 5 19 23 
232 8 1 10 25 26 
231 13 8 19 30 34 
221 14 12 27 40 49 
230 16 17 34 50 59 
228 14 19 40 62 75 
232 14 28 51 75 86 
226 11 29 50 74 80 
224 9 27 46 68 71 
198 5 21 39 59 62 
199 5 16 32 49 51 
207 3 9 24 40 43 
213 4 5 15 27 28 
215 5 0 3 19 21 
222 6 0 5 14 22 
