0 18 133 195 221 208 
0 18 69 122 207 200 
0 18 46 80 177 190 
0 18 38 60 151 173 
0 17 36 52 130 155 
0 17 35 49 115 141 
0 17 36 48 105 130 
0 17 35 48 97 115 
0 17 36 48 92 108 
0 18 36 48 89 103 
0 17 36 49 86 99 
0 18 36 49 84 96 
0 17 36 49 82 93 
0 17 36 49 80 90 
0 18 36 48 78 88 
0 17 36 48 76 86 
0 17 35 48 75 83 
0 17 35 48 74 82 
0 17 35 48 73 80 
0 17 35 47 71 78 
0 18 35 48 71 78 
0 20 35 48 70 77 
11 22 36 48 70 76 
26 24 36 48 70 76 
37 26 36 49 71 77 
53 27 37 49 70 76 
56 28 37 50 71 76 
54 28 37 49 70 76 
58 28 37 49 74 76 
50 27 36 49 70 75 
38 25 37 49 73 74 
23 23 36 49 69 74 
10 22 36 48 67 72 
0 21 36 48 67 72 
0 20 35 48 67 71 
0 19 35 48 67 71 
0 19 35 48 67 71 
0 19 35 48 66 71 
0 19 36 48 67 71 
0 20 36 48 67 71 
0 20 36 49 67 71 
0 21 36 49 67 71 
0 21 36 49 67 71 
2 22 36 48 67 71 
9 22 35 48 67 71 
9 22 36 48 66 70 
19 23 36 48 70 69 
25 23 35 48 66 69 
19 23 35 48 70 69 
15 22 35 48 65 69 
7 22 35 48 65 68 
0 21 35 48 65 68 
0 21 35 48 65 69 
0 21 36 48 66 69 
0 20 36 48 66 69 
0 20 36 49 66 69 
0 19 36 49 66 70 
0 19 36 49 66 69 
0 18 35 48 66 69 
0 18 35 48 65 69 
0 17 35 48 65 68 
0 17 35 48 65 68 
0 16 34 47 64 67 
0 16 34 47 64 67 
0 16 34 47 64 66 
0 17 34 47 64 67 
0 16 34 47 64 67 
0 16 35 47 64 67 
0 16 34 47 64 67 
