0 17 131 194 220 201 
0 18 67 120 203 195 
0 18 45 79 175 187 
0 17 38 60 149 170 
0 17 36 52 129 154 
0 18 36 49 115 141 
0 18 36 49 105 130 
0 17 36 48 97 116 
0 17 35 48 92 108 
0 16 36 48 88 102 
0 17 35 48 85 98 
0 16 35 47 82 94 
0 16 35 47 79 90 
0 16 34 47 77 87 
0 16 34 47 75 85 
0 16 34 47 74 83 
0 17 35 48 73 81 
0 16 35 47 72 80 
0 18 35 48 71 79 
0 19 35 48 72 79 
0 20 35 48 71 78 
7 22 36 49 71 78 
27 24 36 49 71 77 
39 25 36 49 75 77 
48 26 36 48 74 76 
62 27 35 48 69 75 
61 27 35 48 68 74 
56 26 35 48 68 73 
45 25 35 48 67 73 
25 23 35 48 67 72 
12 22 35 48 67 72 
1 21 35 47 66 71 
0 20 35 48 66 72 
0 20 36 48 67 72 
0 19 36 48 67 72 
0 19 36 49 67 72 
0 19 35 48 67 72 
0 20 35 48 67 71 
3 21 35 48 66 71 
14 22 35 48 66 70 
24 23 35 48 65 69 
26 23 35 48 66 70 
18 22 35 47 69 69 
9 21 35 48 65 69 
0 20 35 47 65 68 
0 20 35 47 65 68 
0 20 34 48 65 68 
0 19 35 48 65 69 
0 20 35 48 65 69 
0 19 35 48 65 69 
0 19 35 48 66 69 
0 19 35 48 66 69 
0 18 35 48 66 69 
0 17 35 48 65 69 
0 16 34 47 64 67 
0 16 34 47 64 68 
0 15 33 47 64 67 
0 16 34 47 63 66 
0 16 34 47 63 66 
0 15 33 46 63 66 
0 16 34 46 63 66 
0 16 34 47 63 66 
0 16 34 47 64 66 
0 16 34 47 64 67 
0 16 35 47 64 67 
0 16 34 47 64 67 
0 16 34 47 64 67 
