0 17 131 194 218 199 
0 17 67 120 201 195 
0 16 44 78 172 185 
0 17 37 59 147 168 
0 17 35 51 127 151 
0 16 34 48 112 137 
0 16 35 47 102 127 
0 17 35 47 95 113 
0 17 35 48 91 106 
0 17 35 48 87 101 
0 17 35 48 84 97 
0 16 35 48 82 94 
0 17 35 48 79 91 
0 16 35 47 77 88 
0 16 35 47 76 85 
0 16 34 47 74 83 
0 16 33 47 73 81 
0 15 34 47 71 79 
0 15 33 46 70 77 
0 15 34 46 69 76 
0 16 34 47 69 76 
0 16 34 47 69 75 
0 16 34 47 68 75 
0 15 34 47 68 74 
0 16 34 47 68 74 
0 16 34 47 68 74 
0 16 34 47 68 73 
0 15 34 47 67 73 
0 15 34 47 66 71 
0 15 33 47 66 71 
0 15 33 46 66 71 
0 15 33 46 65 70 
0 15 33 46 65 69 
0 15 33 46 64 68 
0 14 33 46 64 68 
0 15 33 46 64 68 
0 15 33 46 64 68 
0 15 33 46 64 68 
0 15 33 46 64 68 
0 15 34 46 65 69 
0 15 33 47 65 69 
0 15 33 47 65 69 
0 15 33 46 64 68 
0 15 33 46 64 68 
0 15 33 46 64 68 
0 15 32 46 64 67 
0 15 32 45 63 66 
0 14 32 45 62 66 
0 14 32 45 62 66 
0 15 32 45 62 66 
0 15 32 45 62 66 
0 17 33 45 62 65 
0 18 33 46 63 66 
21 21 33 46 63 66 
39 24 34 47 68 67 
39 23 34 46 68 67 
38 23 34 47 68 67 
41 23 34 47 64 67 
28 22 34 47 68 67 
16 20 33 46 63 66 
6 19 33 46 62 65 
0 17 32 46 62 65 
0 17 32 45 62 65 
0 16 32 45 62 64 
0 16 32 45 61 64 
0 16 33 46 62 64 
0 17 33 46 62 65 
0 17 33 46 62 65 
0 18 33 46 62 65 
0 19 33 46 63 65 
0 18 33 46 63 66 
0 19 33 46 63 65 
1 18 33 46 63 66 
0 18 33 46 63 65 
0 18 33 46 62 64 
6 19 32 46 62 64 
8 19 32 45 61 64 
0 18 32 45 61 64 
0 18 32 45 61 63 
0 17 32 45 61 63 
0 16 32 45 61 64 
0 17 32 46 61 64 
0 16 33 46 62 64 
0 16 33 46 62 64 
0 15 33 46 62 65 
0 15 32 46 62 65 
0 15 33 46 62 64 
0 14 33 45 62 64 
0 14 32 45 62 64 
0 14 32 45 61 64 
0 14 32 45 61 63 
0 14 31 44 60 62 
0 14 32 44 60 62 
0 14 31 44 60 62 
