0 0 78 157 185 175 
0 0 0 64 163 162 
0 0 0 17 129 143 
0 0 0 0 101 124 
0 0 0 0 81 106 
0 0 0 0 67 91 
0 0 0 0 57 80 
0 0 0 0 50 74 
0 0 0 0 45 63 
0 0 0 0 40 58 
0 0 0 0 37 54 
0 0 0 0 34 54 
0 0 0 0 32 47 
0 0 0 0 31 45 
0 0 0 0 29 42 
0 0 0 0 28 45 
11 0 0 0 31 45 
35 0 0 0 29 43 
52 0 0 0 23 42 
101 0 0 0 22 41 
83 0 0 0 26 40 
101 0 0 0 21 39 
106 0 0 0 19 38 
116 0 0 0 24 38 
120 0 0 0 19 37 
164 0 0 0 19 36 
190 0 0 0 23 36 
165 0 0 0 18 36 
164 0 0 0 18 35 
153 0 0 0 22 35 
125 0 0 0 17 34 
114 0 0 0 21 34 
101 0 0 0 17 34 
96 0 0 0 16 33 
79 0 0 0 21 33 
60 0 0 0 16 33 
48 0 0 0 16 32 
40 0 0 0 16 32 
39 0 0 0 20 32 
38 0 0 0 16 32 
32 0 0 0 16 32 
20 0 0 0 16 32 
26 0 0 0 15 32 
23 0 0 0 19 31 
14 0 0 0 15 31 
4 0 0 0 15 25 
0 0 0 0 16 29 
0 0 0 0 16 25 
0 0 0 0 16 25 
0 0 0 0 16 24 
0 0 0 0 17 24 
0 0 0 0 16 24 
0 0 0 0 16 28 
0 0 0 0 17 24 
0 0 0 0 17 24 
0 0 0 0 17 24 
0 0 0 0 17 28 
0 0 0 0 16 28 
0 0 0 0 17 25 
0 0 0 0 17 24 
4 0 0 0 17 24 
13 0 0 0 21 30 
15 0 0 0 20 30 
20 0 0 0 15 30 
43 0 0 0 19 30 
78 0 0 0 15 29 
78 0 0 0 14 29 
94 0 0 0 14 29 
153 0 0 0 18 29 
172 0 0 0 18 29 
222 0 0 0 14 29 
218 0 0 0 18 29 
235 0 0 0 18 29 
224 0 0 0 14 29 
230 0 0 0 18 29 
187 0 0 0 14 29 
163 0 0 0 14 29 
130 0 0 0 18 29 
100 0 0 0 13 28 
91 0 0 0 18 28 
100 0 0 0 13 28 
90 0 0 0 14 28 
85 0 0 0 17 28 
77 0 0 0 18 28 
70 0 0 0 13 27 
59 0 0 0 18 28 
43 0 0 0 17 28 
50 0 0 0 13 28 
61 0 0 0 18 28 
41 0 0 0 17 28 
34 0 0 0 13 28 
27 0 0 0 18 28 
20 0 0 0 13 28 
9 0 0 0 13 22 
0 0 0 0 14 21 
0 0 0 0 15 22 
0 0 0 0 15 21 
0 0 0 0 15 22 
0 0 0 0 15 26 
0 0 0 0 15 21 
0 0 0 0 15 22 
0 0 0 0 15 21 
0 0 0 0 15 26 
3 0 0 0 15 26 
20 0 0 0 16 28 
21 0 0 0 19 28 
36 0 0 0 14 28 
31 0 0 0 18 28 
42 0 0 0 14 28 
53 0 0 0 18 28 
65 0 0 0 18 27 
62 0 0 0 13 27 
89 0 0 0 17 27 
117 0 0 0 17 27 
150 0 0 0 17 27 
155 0 0 0 17 27 
156 0 0 0 17 27 
156 0 0 0 17 27 
176 0 0 0 17 27 
158 0 0 0 17 27 
133 0 0 0 17 27 
106 0 0 0 12 27 
98 0 0 0 13 27 
77 0 0 0 17 27 
65 0 0 0 17 27 
70 0 0 0 13 27 
56 0 0 0 12 27 
47 0 0 0 17 27 
48 0 0 0 12 26 
39 0 0 0 17 27 
40 0 0 0 12 26 
36 0 0 0 12 26 
24 0 0 0 12 26 
22 0 0 0 12 26 
17 0 0 0 17 27 
7 0 0 0 13 25 
0 0 0 0 13 25 
0 0 0 0 14 21 
0 0 0 0 14 21 
0 0 0 0 14 21 
0 0 0 0 15 24 
0 0 0 0 15 21 
0 0 0 0 15 25 
0 0 0 0 15 21 
0 0 0 0 15 24 
0 0 0 0 15 20 
0 0 0 0 15 21 
0 0 0 0 14 21 
0 0 0 0 15 21 
0 0 0 0 15 21 
0 0 0 0 15 25 
0 0 0 0 15 25 
0 0 0 0 15 21 
0 0 0 0 15 21 
0 0 0 0 15 21 
0 0 0 0 15 25 
0 0 0 0 15 21 
0 0 0 0 15 21 
0 0 0 0 15 21 
0 0 0 0 15 25 
0 0 0 0 15 25 
0 0 0 0 15 25 
0 0 0 0 15 21 
0 0 0 0 15 21 
0 0 0 0 15 25 
0 0 0 0 15 25 
0 0 0 0 15 21 
0 0 0 0 15 21 
0 0 0 0 15 21 
0 0 0 0 15 25 
0 0 0 0 15 22 
0 0 0 0 15 25 
0 0 0 0 15 21 
0 0 0 0 15 21 
0 0 0 0 15 21 
0 0 0 0 15 25 
0 0 0 0 15 21 
0 0 0 0 14 21 
0 0 0 0 15 20 
0 0 0 0 14 25 
0 0 0 0 15 25 
0 0 0 0 15 20 
0 0 0 0 15 21 
0 0 0 0 15 21 
0 0 0 0 15 25 
0 0 0 0 15 21 
0 0 0 0 15 21 
0 0 0 0 15 21 
0 0 0 0 15 20 
0 0 0 0 15 25 
0 0 0 0 15 24 
0 0 0 0 15 21 
0 0 0 0 15 20 
0 0 0 0 15 24 
0 0 0 0 15 24 
