0 0 78 157 188 179 
0 0 0 64 165 166 
0 0 0 16 131 145 
0 0 0 0 103 130 
0 0 0 0 82 111 
0 0 0 0 68 92 
0 0 0 0 58 81 
0 0 0 0 51 72 
0 0 0 0 45 65 
0 0 0 0 41 63 
0 0 0 0 38 55 
0 0 0 0 35 51 
0 0 0 0 33 48 
0 0 0 0 31 50 
0 0 0 0 29 43 
0 0 0 0 28 41 
0 0 0 0 27 39 
7 0 0 0 26 42 
36 0 0 0 25 43 
73 0 0 0 28 42 
88 0 0 0 22 41 
96 0 0 0 21 39 
100 0 0 0 20 39 
83 0 0 0 25 39 
72 0 0 0 20 38 
53 0 0 0 24 37 
45 0 0 0 23 37 
38 0 0 0 19 37 
30 0 0 0 18 36 
28 0 0 0 18 35 
24 0 0 0 17 35 
42 0 0 0 17 34 
51 0 0 0 21 34 
87 0 0 0 21 34 
101 0 0 0 16 33 
101 0 0 0 16 33 
84 0 0 0 16 33 
90 0 0 0 16 32 
75 0 0 0 21 33 
74 0 0 0 16 33 
54 0 0 0 16 33 
39 0 0 0 20 32 
30 0 0 0 16 32 
22 0 0 0 16 32 
20 0 0 0 16 32 
15 0 0 0 20 32 
17 0 0 0 20 31 
27 0 0 0 20 31 
22 0 0 0 15 31 
14 0 0 0 15 31 
27 0 0 0 19 30 
26 0 0 0 15 30 
14 0 0 0 14 30 
2 0 0 0 14 29 
0 0 0 0 15 24 
0 0 0 0 16 28 
0 0 0 0 16 24 
0 0 0 0 17 25 
0 0 0 0 17 28 
0 0 0 0 17 24 
0 0 0 0 17 24 
0 0 0 0 17 24 
0 0 0 0 17 24 
0 0 0 0 17 24 
0 0 0 0 17 24 
0 0 0 0 17 28 
0 0 0 0 17 24 
0 0 0 0 17 24 
0 0 0 0 17 24 
0 0 0 0 17 24 
0 0 0 0 17 24 
0 0 0 0 17 24 
0 0 0 0 17 24 
0 0 0 0 17 28 
14 0 0 0 17 30 
47 0 0 0 21 30 
73 0 0 0 19 30 
99 0 0 0 19 30 
98 0 0 0 15 30 
85 0 0 0 18 29 
65 0 0 0 18 29 
52 0 0 0 14 29 
66 0 0 0 14 29 
51 0 0 0 18 28 
38 0 0 0 13 28 
34 0 0 0 14 29 
30 0 0 0 14 28 
45 0 0 0 18 29 
67 0 0 0 18 29 
94 0 0 0 14 29 
141 0 0 0 14 29 
147 0 0 0 14 29 
189 0 0 0 14 29 
243 0 0 0 14 28 
245 0 0 0 14 28 
267 0 0 0 13 28 
256 0 0 0 17 28 
264 0 0 0 13 27 
247 0 0 0 13 27 
203 0 0 0 13 27 
184 0 0 0 13 27 
173 0 0 0 17 28 
175 0 0 0 18 28 
160 0 0 0 13 28 
144 0 0 0 13 28 
183 0 0 0 13 28 
184 0 0 0 13 28 
178 0 0 0 17 28 
160 0 0 0 13 28 
122 0 0 0 13 28 
96 0 0 0 13 27 
75 0 0 0 17 27 
51 0 0 0 17 27 
31 0 0 0 17 27 
18 0 0 0 12 27 
6 0 0 0 13 25 
1 0 0 0 14 25 
8 0 0 0 14 21 
21 0 0 0 19 27 
14 0 0 0 14 27 
13 0 0 0 18 28 
1 0 0 0 13 22 
1 0 0 0 14 22 
0 0 0 0 15 26 
0 0 0 0 15 21 
0 0 0 0 15 22 
0 0 0 0 14 21 
0 0 0 0 15 25 
0 0 0 0 15 21 
0 0 0 0 15 21 
0 0 0 0 15 21 
0 0 0 0 15 25 
0 0 0 0 15 26 
11 0 0 0 20 27 
29 0 0 0 19 28 
92 0 0 0 14 28 
124 0 0 0 14 28 
200 0 0 0 14 28 
159 0 0 0 18 28 
133 0 0 0 17 28 
113 0 0 0 17 28 
96 0 0 0 13 27 
81 0 0 0 17 27 
67 0 0 0 17 27 
51 0 0 0 17 27 
49 0 0 0 16 27 
53 0 0 0 17 27 
56 0 0 0 12 27 
81 0 0 0 17 27 
145 0 0 0 13 27 
177 0 0 0 17 27 
186 0 0 0 13 27 
235 0 0 0 17 27 
224 0 0 0 12 27 
196 0 0 0 17 27 
152 0 0 0 17 27 
168 0 0 0 13 27 
138 0 0 0 17 27 
118 0 0 0 16 26 
106 0 0 0 12 26 
92 0 0 0 12 26 
87 0 0 0 16 26 
100 0 0 0 12 26 
88 0 0 0 12 26 
96 0 0 0 12 27 
107 0 0 0 13 27 
94 0 0 0 13 27 
82 0 0 0 13 27 
70 0 0 0 13 27 
59 0 0 0 17 27 
39 0 0 0 17 27 
23 0 0 0 17 27 
10 0 0 0 12 26 
4 0 0 0 12 21 
0 0 0 0 13 20 
0 0 0 0 13 20 
0 0 0 0 14 20 
0 0 0 0 14 20 
0 0 0 0 14 20 
0 0 0 0 15 24 
0 0 0 0 15 21 
0 0 0 0 14 21 
0 0 0 0 15 21 
0 0 0 0 15 25 
0 0 0 0 15 25 
0 0 0 0 15 25 
0 0 0 0 15 25 
0 0 0 0 15 21 
0 0 0 0 15 21 
0 0 0 0 14 24 
0 0 0 0 15 20 
0 0 0 0 15 20 
0 0 0 0 14 21 
0 0 0 0 15 21 
0 0 0 0 15 21 
0 0 0 0 15 25 
0 0 0 0 15 21 
0 0 0 0 15 21 
0 0 0 0 15 21 
0 0 0 0 15 25 
0 0 0 0 15 21 
0 0 0 0 15 21 
0 0 0 0 15 21 
0 0 0 0 15 25 
0 0 0 0 15 21 
0 0 0 0 15 20 
0 0 0 0 15 20 
0 0 0 0 15 21 
0 0 0 0 15 24 
0 0 0 0 15 20 
0 0 0 0 15 20 
0 0 0 0 15 20 
0 0 0 0 15 25 
0 0 0 0 15 21 
0 0 0 0 15 25 
0 0 0 0 15 21 
0 0 0 0 15 21 
0 0 0 0 15 21 
0 0 0 0 15 25 
0 0 0 0 15 21 
0 0 0 0 15 21 
0 0 0 0 15 20 
0 0 0 0 15 24 
0 0 0 0 15 21 
