0 0 77 156 182 172 
0 0 0 64 161 160 
0 0 0 16 128 142 
0 0 0 0 100 127 
0 0 0 0 80 105 
0 0 0 0 67 94 
0 0 0 0 57 79 
0 0 0 0 50 71 
0 0 0 0 45 63 
0 0 0 0 41 62 
0 0 0 0 37 53 
0 0 0 0 34 50 
0 0 0 0 31 46 
0 0 0 0 30 48 
0 0 0 0 29 41 
0 0 0 0 27 44 
7 0 0 0 26 39 
23 0 0 0 30 43 
64 0 0 0 24 42 
118 0 0 0 27 41 
136 0 0 0 26 41 
143 0 0 0 21 40 
150 0 0 0 25 39 
129 0 0 0 20 38 
100 0 0 0 19 37 
70 0 0 0 19 36 
47 0 0 0 23 36 
30 0 0 0 18 35 
19 0 0 0 22 35 
11 0 0 0 21 34 
5 0 0 0 17 28 
23 0 0 0 22 34 
34 0 0 0 17 33 
62 0 0 0 16 33 
53 0 0 0 21 33 
45 0 0 0 21 33 
38 0 0 0 16 33 
32 0 0 0 16 32 
28 0 0 0 16 32 
31 0 0 0 20 32 
21 0 0 0 20 32 
13 0 0 0 20 31 
5 0 0 0 15 30 
0 0 0 0 16 25 
0 0 0 0 16 29 
0 0 0 0 16 24 
0 0 0 0 17 25 
0 0 0 0 17 29 
0 0 0 0 17 29 
0 0 0 0 17 25 
0 0 0 0 17 25 
0 0 0 0 17 25 
0 0 0 0 17 29 
0 0 0 0 17 25 
0 0 0 0 17 29 
0 0 0 0 17 25 
0 0 0 0 17 24 
0 0 0 0 17 24 
0 0 0 0 17 28 
36 0 0 0 17 29 
83 0 0 0 20 30 
102 0 0 0 15 30 
118 0 0 0 19 30 
117 0 0 0 19 29 
107 0 0 0 14 29 
81 0 0 0 19 30 
54 0 0 0 14 29 
34 0 0 0 14 29 
22 0 0 0 14 29 
14 0 0 0 14 29 
7 0 0 0 14 27 
4 0 0 0 15 23 
9 0 0 0 16 23 
14 0 0 0 16 29 
22 0 0 0 15 29 
40 0 0 0 14 28 
43 0 0 0 18 29 
33 0 0 0 18 28 
33 0 0 0 18 29 
20 0 0 0 14 28 
18 0 0 0 13 28 
14 0 0 0 13 28 
9 0 0 0 14 23 
11 0 0 0 19 28 
1 0 0 0 14 23 
0 0 0 0 15 23 
0 0 0 0 15 26 
0 0 0 0 15 22 
0 0 0 0 15 26 
0 0 0 0 16 22 
0 0 0 0 15 22 
0 0 0 0 15 22 
0 0 0 0 15 22 
0 0 0 0 15 22 
0 0 0 0 15 22 
0 0 0 0 16 22 
0 0 0 0 15 26 
0 0 0 0 16 26 
0 0 0 0 16 22 
9 0 0 0 16 22 
17 0 0 0 20 29 
66 0 0 0 15 28 
107 0 0 0 14 28 
104 0 0 0 14 28 
87 0 0 0 18 28 
60 0 0 0 13 27 
41 0 0 0 17 28 
25 0 0 0 17 27 
12 0 0 0 12 27 
4 0 0 0 13 25 
0 0 0 0 14 24 
0 0 0 0 14 21 
0 0 0 0 15 25 
7 0 0 0 15 25 
13 0 0 0 19 28 
15 0 0 0 19 28 
20 0 0 0 14 28 
30 0 0 0 14 28 
29 0 0 0 18 28 
32 0 0 0 13 28 
26 0 0 0 13 27 
15 0 0 0 17 27 
16 0 0 0 13 27 
14 0 0 0 13 27 
20 0 0 0 13 27 
11 0 0 0 17 27 
4 0 0 0 13 21 
0 0 0 0 14 25 
0 0 0 0 14 25 
0 0 0 0 14 21 
0 0 0 0 15 21 
0 0 0 0 15 25 
0 0 0 0 15 25 
0 0 0 0 15 22 
0 0 0 0 15 21 
0 0 0 0 15 21 
0 0 0 0 15 25 
0 0 0 0 15 21 
0 0 0 0 15 21 
0 0 0 0 15 21 
0 0 0 0 15 21 
0 0 0 0 15 21 
0 0 0 0 15 25 
0 0 0 0 15 21 
0 0 0 0 15 21 
0 0 0 0 15 21 
0 0 0 0 15 25 
0 0 0 0 15 21 
0 0 0 0 15 21 
0 0 0 0 15 21 
0 0 0 0 15 21 
0 0 0 0 15 25 
0 0 0 0 15 21 
0 0 0 0 15 21 
0 0 0 0 15 20 
0 0 0 0 15 21 
0 0 0 0 15 25 
0 0 0 0 15 24 
0 0 0 0 15 21 
0 0 0 0 15 21 
0 0 0 0 15 21 
0 0 0 0 15 25 
0 0 0 0 15 21 
0 0 0 0 15 21 
0 0 0 0 15 21 
0 0 0 0 15 25 
0 0 0 0 15 21 
0 0 0 0 15 21 
0 0 0 0 15 21 
0 0 0 0 15 20 
0 0 0 0 15 21 
0 0 0 0 15 25 
0 0 0 0 15 20 
0 0 0 0 15 21 
0 0 0 0 15 21 
0 0 0 0 15 21 
0 0 0 0 15 25 
0 0 0 0 15 21 
0 0 0 0 15 21 
0 0 0 0 15 21 
0 0 0 0 15 25 
0 0 0 0 15 21 
0 0 0 0 15 21 
0 0 0 0 15 21 
0 0 0 0 15 25 
0 0 0 0 15 25 
0 0 0 0 15 21 
0 0 0 0 15 21 
0 0 0 0 15 20 
0 0 0 0 15 24 
0 0 0 0 15 24 
0 0 0 0 15 20 
0 0 0 0 15 21 
0 0 0 0 15 20 
0 0 0 0 15 25 
0 0 0 0 15 21 
0 0 0 0 15 25 
0 0 0 0 15 21 
