0 0 78 157 188 179 
0 0 0 64 165 166 
0 0 0 17 131 146 
0 0 0 0 103 130 
0 0 0 0 82 107 
0 0 0 0 68 93 
0 0 0 0 58 82 
0 0 0 0 51 76 
0 0 0 0 46 65 
0 0 0 0 41 63 
0 0 0 0 38 54 
0 0 0 0 35 54 
0 0 0 0 33 48 
0 0 0 0 31 49 
0 0 0 0 30 43 
7 0 0 0 28 41 
30 0 0 0 27 45 
50 0 0 0 25 44 
77 0 0 0 29 44 
110 0 0 0 28 43 
101 0 0 0 22 41 
97 0 0 0 26 40 
94 0 0 0 20 39 
94 0 0 0 20 39 
137 0 0 0 24 38 
181 0 0 0 19 37 
170 0 0 0 23 37 
178 0 0 0 22 36 
198 0 0 0 22 35 
211 0 0 0 22 35 
198 0 0 0 22 35 
199 0 0 0 22 35 
208 0 0 0 17 34 
196 0 0 0 21 34 
195 0 0 0 21 34 
159 0 0 0 21 34 
154 0 0 0 21 34 
131 0 0 0 21 33 
105 0 0 0 16 33 
91 0 0 0 21 32 
73 0 0 0 21 32 
64 0 0 0 16 32 
52 0 0 0 15 32 
37 0 0 0 20 32 
28 0 0 0 15 31 
14 0 0 0 15 31 
4 0 0 0 15 25 
0 0 0 0 16 25 
0 0 0 0 17 25 
0 0 0 0 17 29 
0 0 0 0 17 25 
0 0 0 0 17 25 
0 0 0 0 18 25 
0 0 0 0 17 25 
0 0 0 0 17 25 
0 0 0 0 18 29 
0 0 0 0 17 25 
0 0 0 0 17 25 
0 0 0 0 17 24 
0 0 0 0 17 24 
0 0 0 0 17 28 
0 0 0 0 17 24 
0 0 0 0 17 24 
11 0 0 0 21 30 
28 0 0 0 16 30 
27 0 0 0 20 30 
34 0 0 0 15 30 
25 0 0 0 19 30 
37 0 0 0 19 30 
51 0 0 0 19 30 
57 0 0 0 19 30 
87 0 0 0 19 30 
105 0 0 0 14 29 
128 0 0 0 14 29 
167 0 0 0 14 29 
232 0 0 0 18 29 
228 0 0 0 14 29 
224 0 0 0 13 28 
235 0 0 0 18 29 
247 0 0 0 14 29 
208 0 0 0 14 29 
193 0 0 0 18 29 
192 0 0 0 18 29 
159 0 0 0 18 29 
157 0 0 0 18 29 
137 0 0 0 18 29 
116 0 0 0 18 28 
98 0 0 0 13 28 
80 0 0 0 13 27 
70 0 0 0 13 27 
55 0 0 0 17 28 
54 0 0 0 13 27 
66 0 0 0 13 28 
46 0 0 0 13 28 
34 0 0 0 13 28 
18 0 0 0 13 28 
6 0 0 0 13 21 
0 0 0 0 14 21 
0 0 0 0 15 22 
0 0 0 0 15 22 
0 0 0 0 15 22 
0 0 0 0 15 26 
0 0 0 0 15 26 
0 0 0 0 15 22 
0 0 0 0 15 21 
0 0 0 0 15 21 
0 0 0 0 15 21 
0 0 0 0 15 21 
0 0 0 0 15 22 
0 0 0 0 15 22 
0 0 0 0 15 26 
0 0 0 0 15 22 
0 0 0 0 16 26 
6 0 0 0 16 22 
5 0 0 0 16 22 
20 0 0 0 16 28 
25 0 0 0 19 28 
40 0 0 0 14 28 
42 0 0 0 14 28 
51 0 0 0 18 28 
74 0 0 0 13 27 
91 0 0 0 17 27 
129 0 0 0 13 27 
172 0 0 0 17 27 
182 0 0 0 13 27 
183 0 0 0 13 27 
187 0 0 0 13 27 
172 0 0 0 17 27 
202 0 0 0 13 27 
188 0 0 0 13 27 
155 0 0 0 17 27 
138 0 0 0 17 27 
128 0 0 0 13 27 
105 0 0 0 13 27 
103 0 0 0 12 27 
85 0 0 0 17 27 
74 0 0 0 13 27 
58 0 0 0 12 26 
62 0 0 0 12 27 
57 0 0 0 17 27 
42 0 0 0 12 27 
35 0 0 0 17 26 
28 0 0 0 12 26 
43 0 0 0 17 27 
31 0 0 0 17 27 
30 0 0 0 13 27 
21 0 0 0 17 27 
10 0 0 0 13 26 
2 0 0 0 12 21 
0 0 0 0 13 24 
0 0 0 0 14 20 
0 0 0 0 14 24 
0 0 0 0 14 21 
0 0 0 0 15 20 
0 0 0 0 14 21 
0 0 0 0 15 21 
0 0 0 0 15 25 
0 0 0 0 15 21 
0 0 0 0 15 21 
0 0 0 0 15 21 
0 0 0 0 15 25 
0 0 0 0 15 21 
0 0 0 0 15 21 
0 0 0 0 15 21 
0 0 0 0 15 25 
0 0 0 0 15 25 
0 0 0 0 15 20 
0 0 0 0 15 21 
0 0 0 0 15 20 
0 0 0 0 15 24 
0 0 0 0 15 24 
0 0 0 0 15 20 
0 0 0 0 15 20 
0 0 0 0 15 21 
0 0 0 0 15 25 
0 0 0 0 15 21 
0 0 0 0 15 25 
0 0 0 0 15 21 
0 0 0 0 15 21 
0 0 0 0 15 21 
0 0 0 0 15 21 
0 0 0 0 15 21 
0 0 0 0 15 21 
0 0 0 0 15 21 
0 0 0 0 15 24 
0 0 0 0 15 24 
0 0 0 0 14 21 
0 0 0 0 15 21 
0 0 0 0 15 21 
0 0 0 0 15 21 
0 0 0 0 15 21 
0 0 0 0 15 21 
0 0 0 0 15 21 
0 0 0 0 15 25 
0 0 0 0 15 21 
0 0 0 0 15 25 
0 0 0 0 15 20 
0 0 0 0 15 21 
0 0 0 0 15 25 
0 0 0 0 15 21 
0 0 0 0 15 20 
0 0 0 0 15 20 
0 0 0 0 15 20 
0 0 0 0 15 20 
0 0 0 0 15 20 
