0 0 78 157 185 175 
0 0 0 64 163 162 
0 0 0 16 129 143 
0 0 0 0 101 128 
0 0 0 0 80 109 
0 0 0 0 67 95 
0 0 0 0 57 80 
0 0 0 0 50 71 
0 0 0 0 44 64 
0 0 0 0 41 62 
0 0 0 0 37 54 
0 0 0 0 35 54 
0 0 0 0 32 47 
0 0 0 0 31 45 
0 0 0 0 29 42 
0 0 0 0 28 44 
0 0 0 0 26 38 
0 0 0 0 25 37 
30 0 0 0 25 41 
87 0 0 0 27 41 
121 0 0 0 22 40 
144 0 0 0 21 39 
195 0 0 0 25 39 
188 0 0 0 19 38 
161 0 0 0 19 37 
150 0 0 0 23 37 
115 0 0 0 23 36 
102 0 0 0 18 35 
73 0 0 0 22 36 
51 0 0 0 22 35 
37 0 0 0 22 35 
22 0 0 0 17 34 
13 0 0 0 21 34 
14 0 0 0 16 33 
25 0 0 0 20 33 
38 0 0 0 16 33 
59 0 0 0 20 32 
61 0 0 0 20 32 
46 0 0 0 16 32 
31 0 0 0 20 32 
30 0 0 0 16 32 
34 0 0 0 16 31 
28 0 0 0 16 32 
26 0 0 0 15 31 
22 0 0 0 15 31 
24 0 0 0 15 31 
19 0 0 0 19 31 
8 0 0 0 15 25 
1 0 0 0 16 29 
0 0 0 0 16 28 
0 0 0 0 16 24 
0 0 0 0 16 28 
0 0 0 0 16 24 
0 0 0 0 17 24 
0 0 0 0 17 24 
0 0 0 0 17 28 
0 0 0 0 17 24 
13 0 0 0 21 30 
22 0 0 0 16 30 
56 0 0 0 15 30 
40 0 0 0 15 30 
41 0 0 0 19 30 
60 0 0 0 15 29 
71 0 0 0 19 30 
111 0 0 0 19 29 
128 0 0 0 14 29 
154 0 0 0 14 29 
162 0 0 0 14 29 
174 0 0 0 18 29 
144 0 0 0 14 29 
113 0 0 0 18 29 
80 0 0 0 14 29 
54 0 0 0 14 29 
34 0 0 0 14 29 
19 0 0 0 18 29 
15 0 0 0 18 29 
18 0 0 0 14 29 
33 0 0 0 18 29 
37 0 0 0 18 28 
52 0 0 0 13 28 
86 0 0 0 13 28 
110 0 0 0 18 28 
98 0 0 0 13 28 
95 0 0 0 17 27 
89 0 0 0 18 28 
72 0 0 0 13 28 
58 0 0 0 13 28 
50 0 0 0 13 28 
58 0 0 0 14 28 
52 0 0 0 14 28 
43 0 0 0 18 29 
32 0 0 0 13 28 
26 0 0 0 13 28 
25 0 0 0 18 28 
32 0 0 0 13 27 
20 0 0 0 13 27 
12 0 0 0 13 27 
7 0 0 0 13 22 
14 0 0 0 13 27 
13 0 0 0 18 27 
13 0 0 0 18 28 
10 0 0 0 13 27 
8 0 0 0 13 22 
9 0 0 0 14 26 
9 0 0 0 15 21 
21 0 0 0 20 28 
43 0 0 0 19 28 
42 0 0 0 14 28 
49 0 0 0 18 28 
65 0 0 0 18 28 
76 0 0 0 13 27 
65 0 0 0 17 27 
71 0 0 0 17 27 
78 0 0 0 13 27 
59 0 0 0 17 27 
38 0 0 0 13 27 
23 0 0 0 17 27 
12 0 0 0 13 27 
4 0 0 0 13 26 
0 0 0 0 14 21 
0 0 0 0 14 21 
1 0 0 0 15 21 
26 0 0 0 15 27 
52 0 0 0 14 27 
74 0 0 0 14 27 
55 0 0 0 18 27 
44 0 0 0 13 27 
42 0 0 0 13 27 
42 0 0 0 12 26 
48 0 0 0 13 27 
47 0 0 0 17 27 
37 0 0 0 17 27 
26 0 0 0 12 27 
35 0 0 0 17 27 
28 0 0 0 13 27 
24 0 0 0 12 27 
17 0 0 0 17 27 
10 0 0 0 13 27 
1 0 0 0 13 25 
0 0 0 0 14 21 
0 0 0 0 14 21 
0 0 0 0 14 21 
0 0 0 0 14 20 
0 0 0 0 15 20 
0 0 0 0 15 21 
0 0 0 0 15 25 
0 0 0 0 15 21 
0 0 0 0 15 21 
0 0 0 0 15 21 
0 0 0 0 15 21 
0 0 0 0 15 21 
0 0 0 0 15 21 
0 0 0 0 15 21 
0 0 0 0 15 25 
0 0 0 0 15 25 
0 0 0 0 15 21 
0 0 0 0 15 21 
0 0 0 0 15 21 
0 0 0 0 15 21 
0 0 0 0 15 21 
0 0 0 0 15 21 
0 0 0 0 15 21 
0 0 0 0 15 25 
0 0 0 0 15 21 
0 0 0 0 15 25 
0 0 0 0 15 21 
0 0 0 0 15 21 
0 0 0 0 15 21 
0 0 0 0 15 25 
0 0 0 0 15 21 
0 0 0 0 15 21 
0 0 0 0 15 21 
0 0 0 0 15 25 
0 0 0 0 15 21 
0 0 0 0 15 24 
0 0 0 0 15 20 
0 0 0 0 14 21 
0 0 0 0 15 20 
0 0 0 0 15 24 
0 0 0 0 15 21 
0 0 0 0 15 21 
0 0 0 0 15 21 
0 0 0 0 15 25 
0 0 0 0 15 21 
0 0 0 0 15 21 
0 0 0 0 15 21 
0 0 0 0 15 21 
0 0 0 0 15 25 
0 0 0 0 15 20 
0 0 0 0 15 21 
0 0 0 0 15 20 
0 0 0 0 15 25 
