0 49 152 207 221 200 
0 48 96 142 214 203 
0 48 75 105 189 192 
0 48 68 86 166 182 
0 48 66 79 147 168 
0 47 66 76 134 155 
0 47 66 75 123 144 
0 47 65 74 116 136 
0 48 66 74 111 130 
0 48 66 75 107 125 
0 49 66 75 104 121 
0 50 66 75 101 118 
0 51 66 75 100 115 
5 52 67 75 98 108 
16 54 67 76 98 106 
25 55 67 76 97 104 
28 55 66 76 101 109 
41 55 66 75 95 101 
39 56 66 75 98 100 
50 57 66 74 93 98 
58 57 66 75 97 98 
62 58 66 75 93 97 
72 59 66 75 92 96 
58 58 66 75 96 96 
50 58 67 76 92 96 
45 57 66 76 93 96 
31 56 67 76 92 95 
30 56 67 76 92 95 
25 55 66 75 91 95 
20 54 66 75 91 95 
12 53 66 75 91 94 
11 52 66 75 90 93 
2 51 65 74 89 92 
0 50 65 74 89 92 
12 53 65 74 89 91 
76 59 66 75 89 91 
148 69 67 75 89 95 
289 85 69 77 94 92 
264 83 69 77 91 92 
274 85 69 78 91 92 
220 79 70 78 91 93 
193 75 70 79 96 93 
168 72 69 78 92 97 
129 67 69 78 92 93 
100 64 68 77 91 93 
79 61 67 77 95 92 
70 60 68 77 90 92 
66 59 67 76 90 91 
47 58 67 75 90 91 
36 57 67 75 89 90 
36 57 67 76 89 91 
27 56 67 76 90 91 
21 56 67 76 89 91 
10 54 67 76 90 91 
0 53 67 76 89 90 
0 52 67 76 90 91 
0 51 67 76 90 91 
0 51 67 76 89 90 
0 50 67 75 89 90 
0 49 66 75 89 90 
0 48 66 75 88 89 
0 48 66 75 88 89 
0 48 65 74 88 88 
0 48 65 74 87 88 
0 48 65 74 87 88 
0 48 65 74 87 88 
0 47 65 74 87 88 
0 48 65 74 87 88 
0 48 66 74 87 87 
0 48 66 75 88 88 
0 47 65 75 88 88 
0 47 65 75 88 88 
0 47 65 74 87 88 
0 47 65 74 87 87 
0 46 64 74 87 87 
0 46 64 73 86 87 
0 46 64 73 86 86 
0 46 64 73 85 85 
