0 46 150 206 222 196 
0 47 94 140 211 199 
0 47 73 103 187 189 
0 47 67 86 165 180 
0 46 65 78 146 167 
0 47 64 74 133 155 
0 46 64 73 123 144 
0 46 64 73 115 135 
0 46 64 73 110 129 
0 47 63 73 106 124 
0 48 63 72 102 119 
0 49 63 72 99 110 
4 50 63 72 98 107 
24 52 64 73 97 105 
26 53 64 73 96 103 
53 56 64 73 95 101 
73 58 65 74 95 101 
99 61 66 75 99 100 
105 62 65 75 94 99 
93 61 66 75 94 98 
76 59 65 74 93 98 
59 56 65 74 97 97 
49 55 64 74 96 96 
41 54 64 73 91 95 
34 53 64 73 90 93 
25 52 64 73 90 93 
16 51 64 73 89 93 
8 50 64 73 89 92 
1 49 64 73 89 91 
1 50 64 73 89 91 
0 50 64 73 89 91 
1 50 64 74 89 92 
33 53 64 74 89 92 
89 60 65 74 93 91 
135 65 66 75 89 92 
132 65 66 74 89 91 
115 62 65 74 88 90 
100 61 65 74 88 90 
91 59 64 74 88 90 
64 57 64 74 88 89 
55 56 64 73 88 90 
42 54 64 73 87 88 
37 55 64 74 88 89 
36 54 64 74 88 89 
30 53 64 73 88 89 
22 53 64 74 88 89 
18 52 65 74 92 89 
20 52 65 74 88 89 
20 52 65 74 88 89 
18 52 64 74 91 89 
7 51 64 73 87 88 
3 49 64 73 87 88 
0 49 63 73 86 88 
0 48 63 72 86 87 
0 47 63 72 85 87 
0 47 63 72 85 87 
0 46 63 72 85 86 
0 46 63 72 85 86 
0 46 63 73 86 87 
0 46 63 72 86 87 
0 46 63 73 86 87 
0 45 63 73 86 87 
0 45 63 73 86 87 
0 45 63 72 86 87 
0 44 63 72 85 86 
0 45 62 72 85 86 
0 44 62 72 85 86 
0 44 62 71 84 85 
0 44 61 71 84 85 
