0 51 154 209 230 212 
0 51 98 143 217 208 
0 51 78 107 192 196 
0 51 72 90 169 186 
0 51 70 82 151 172 
0 51 70 79 137 160 
0 51 70 79 128 150 
0 51 69 78 121 141 
0 50 69 78 115 135 
0 50 68 77 110 128 
0 50 68 77 107 124 
0 49 68 77 104 121 
0 49 68 77 102 118 
0 50 68 77 100 114 
0 50 68 77 98 108 
0 50 68 77 98 106 
0 52 68 77 98 105 
0 53 68 77 98 104 
0 53 69 78 97 102 
1 54 68 78 97 102 
7 55 69 78 97 102 
8 55 69 78 96 101 
10 55 68 77 95 100 
19 56 68 77 99 99 
34 57 68 77 95 99 
63 60 68 77 94 97 
72 61 68 77 94 97 
85 63 68 77 94 96 
79 62 68 77 97 96 
62 61 68 77 93 96 
44 59 69 77 93 96 
34 58 69 77 93 95 
25 57 69 77 93 96 
21 56 69 78 93 96 
18 56 69 78 97 96 
15 55 68 77 93 95 
5 54 68 77 92 95 
0 53 68 77 92 94 
5 54 67 76 91 93 
61 60 68 77 91 93 
108 66 68 76 91 93 
116 66 68 77 91 93 
115 66 68 77 91 97 
88 63 68 77 96 93 
75 62 69 77 92 93 
72 62 69 78 92 93 
56 60 69 78 92 94 
47 59 69 78 93 94 
48 59 69 77 96 93 
50 60 69 78 92 93 
47 59 69 78 92 93 
31 57 68 77 91 93 
18 56 68 77 95 92 
19 56 67 76 94 91 
10 54 67 76 90 91 
12 54 68 76 90 91 
4 53 67 76 90 91 
0 53 67 76 90 90 
0 52 67 76 90 91 
0 52 67 76 90 90 
0 51 67 76 90 91 
0 51 67 76 90 91 
0 50 67 76 90 90 
0 49 67 76 90 91 
0 49 67 76 90 91 
0 49 66 76 90 90 
0 48 66 75 89 90 
0 48 66 75 89 89 
0 48 66 75 88 89 
0 48 66 75 88 88 
