0 48 152 207 225 200 
0 48 95 141 214 204 
0 48 75 104 188 192 
0 48 68 86 165 182 
0 48 67 79 147 168 
0 48 66 76 135 156 
0 48 66 75 125 146 
0 48 66 74 117 137 
0 47 66 75 112 131 
0 48 66 75 108 126 
0 48 65 74 104 121 
0 48 65 74 101 117 
0 48 65 74 98 108 
0 48 65 74 98 106 
0 51 65 74 97 104 
7 51 65 74 96 102 
9 52 65 74 95 101 
13 53 66 75 95 101 
19 54 66 75 99 100 
42 57 66 75 94 99 
48 56 66 75 98 98 
68 59 66 75 98 98 
82 61 66 75 93 98 
82 60 66 75 93 97 
66 58 66 75 93 96 
51 57 65 74 91 95 
37 55 65 74 91 94 
26 54 65 73 91 93 
18 53 65 74 94 93 
8 51 65 74 89 92 
3 51 65 74 89 92 
0 50 65 74 89 92 
0 50 65 74 89 92 
0 50 65 74 89 92 
0 51 66 75 89 92 
51 57 66 75 90 92 
141 67 67 76 91 92 
203 75 67 76 90 96 
201 74 68 76 90 92 
201 76 68 77 90 92 
170 72 67 76 90 92 
164 71 67 75 90 91 
122 65 67 76 89 90 
99 62 67 76 94 91 
80 61 67 75 89 91 
65 59 67 76 89 90 
51 58 67 76 89 90 
45 57 67 76 90 91 
47 58 67 76 90 91 
47 58 67 76 90 91 
31 56 67 76 90 91 
20 54 67 76 89 90 
13 53 66 76 89 90 
3 51 65 75 89 90 
0 50 65 74 88 89 
0 49 65 74 87 88 
0 49 65 74 87 88 
0 48 65 74 87 88 
0 48 65 74 87 87 
0 48 65 74 87 87 
0 48 65 74 87 88 
0 48 65 74 87 88 
0 48 65 74 88 89 
0 47 65 74 88 88 
0 47 65 74 87 88 
0 47 65 74 87 88 
0 46 64 74 87 88 
0 46 64 74 87 87 
0 46 64 73 86 87 
0 46 63 73 86 86 
0 45 63 72 85 86 
0 45 63 72 85 86 
0 46 63 72 85 86 
0 46 63 72 85 86 
