0 47 151 207 219 198 
0 47 95 141 213 201 
0 47 74 103 187 190 
0 47 67 85 165 180 
0 46 65 77 146 166 
0 46 64 74 132 154 
0 46 64 73 123 143 
0 46 64 73 115 135 
0 47 64 73 110 129 
0 47 65 74 106 124 
0 46 65 74 103 120 
0 47 65 74 100 117 
0 47 65 74 99 109 
0 47 65 74 98 107 
0 46 64 74 97 104 
0 47 64 74 96 102 
0 47 64 73 94 100 
0 48 64 73 94 99 
0 49 63 73 93 97 
11 51 63 73 92 97 
24 52 64 73 91 96 
39 54 64 73 95 95 
62 56 65 73 91 95 
74 58 65 74 91 95 
82 59 65 74 90 95 
93 61 66 75 91 95 
86 60 66 75 91 95 
70 58 66 75 91 94 
57 57 65 74 91 94 
48 56 65 74 94 93 
35 54 64 74 90 93 
24 53 64 73 89 92 
15 52 64 73 89 91 
6 50 63 72 87 90 
1 49 64 73 87 90 
0 49 63 73 87 90 
0 49 64 73 88 89 
0 48 64 73 87 89 
19 52 64 73 92 89 
92 60 65 74 88 90 
146 67 66 74 89 90 
196 74 67 76 94 91 
178 71 67 75 89 91 
137 66 66 75 89 91 
114 63 66 75 89 94 
83 59 65 75 89 90 
72 58 65 74 88 89 
57 56 64 74 88 89 
49 56 64 74 92 89 
37 54 65 74 88 89 
24 53 65 73 87 89 
25 53 65 74 87 88 
23 53 65 74 87 89 
21 53 65 74 88 89 
15 53 65 74 88 89 
13 52 65 74 87 89 
4 51 65 74 88 88 
6 51 65 74 87 89 
0 50 64 74 87 88 
0 49 64 73 87 88 
0 48 64 73 86 87 
0 47 63 72 86 87 
0 47 63 72 85 87 
0 46 63 72 85 86 
0 46 63 72 85 86 
0 46 63 72 85 86 
0 46 63 72 85 86 
0 46 63 73 85 86 
0 45 63 72 85 86 
0 46 63 73 85 86 
