0 0 79 162 185 175 
0 0 0 68 163 162 
0 0 0 19 130 143 
0 0 0 0 101 128 
0 0 0 0 80 104 
0 0 0 0 66 89 
0 0 0 0 55 82 
0 0 0 0 48 72 
0 0 0 0 43 65 
0 0 0 0 39 56 
0 0 0 0 35 52 
0 0 0 0 33 48 
0 0 0 0 31 45 
0 0 0 0 31 47 
0 0 0 0 30 41 
6 0 0 3 32 42 
52 0 0 6 33 48 
68 0 0 7 32 48 
77 0 0 8 37 49 
78 0 0 9 32 48 
68 0 0 13 34 44 
66 0 2 15 39 45 
57 0 8 19 42 47 
71 9 17 26 41 47 
74 27 31 38 48 51 
89 31 38 45 59 56 
99 30 39 48 63 59 
112 27 38 48 61 62 
121 41 46 53 64 68 
150 35 45 54 67 71 
144 28 40 51 66 72 
122 12 29 44 63 67 
105 6 21 37 58 63 
94 0 13 29 58 61 
87 0 9 24 54 58 
90 0 4 19 44 59 
89 0 0 16 40 52 
84 0 0 12 35 48 
80 0 0 10 33 45 
73 0 0 9 35 47 
65 0 0 7 33 45 
61 0 0 5 31 43 
62 0 0 3 25 42 
56 0 0 4 25 41 
46 0 0 2 23 39 
42 0 0 2 23 39 
45 0 0 2 27 38 
34 0 0 0 21 36 
26 0 0 0 20 35 
25 0 0 0 24 35 
20 0 0 0 20 34 
11 0 0 0 23 34 
16 0 0 0 18 33 
21 0 0 1 24 34 
23 0 0 3 25 34 
38 0 0 2 21 35 
62 0 0 2 21 34 
54 0 0 0 20 34 
61 0 0 0 24 34 
63 0 0 0 23 33 
54 0 0 0 18 32 
49 0 0 0 22 32 
47 0 0 0 21 32 
38 0 0 0 16 31 
31 0 0 0 19 30 
25 0 0 0 19 29 
25 0 0 0 19 29 
24 0 0 0 15 29 
19 0 0 0 19 29 
15 0 0 0 18 28 
