0 0 79 162 187 176 
0 0 0 67 164 163 
0 0 0 17 129 144 
0 0 0 0 101 128 
0 0 0 0 80 109 
0 0 0 0 66 94 
0 0 0 0 56 78 
0 0 0 0 48 73 
0 0 0 0 43 62 
0 0 0 0 38 56 
0 0 0 0 35 51 
0 0 0 0 33 51 
0 0 0 0 30 45 
0 0 0 0 28 41 
0 0 0 0 27 40 
0 0 0 0 27 43 
0 0 0 0 28 39 
23 0 0 8 37 46 
48 0 0 10 33 44 
95 0 0 13 35 49 
153 0 0 13 35 46 
211 0 0 12 34 44 
212 0 0 10 33 44 
237 0 0 8 36 47 
245 0 0 7 30 46 
203 0 0 5 29 45 
158 0 0 6 32 44 
128 0 0 12 35 41 
123 0 3 16 37 42 
131 0 10 22 36 43 
155 13 20 29 42 50 
157 12 22 33 46 52 
171 16 25 37 50 52 
149 20 30 40 53 54 
125 17 29 41 55 56 
109 9 22 37 53 56 
83 5 20 33 52 55 
61 0 15 30 50 54 
43 0 10 26 47 53 
38 0 7 22 44 52 
39 0 3 19 41 51 
36 0 4 18 43 53 
30 0 0 15 36 51 
25 0 0 13 34 48 
21 0 0 9 36 47 
22 0 0 7 29 45 
20 0 0 4 27 43 
17 0 0 4 30 41 
14 0 0 1 24 39 
10 0 0 0 22 37 
8 0 0 0 20 34 
10 0 0 0 21 35 
8 0 0 0 20 28 
8 0 0 0 20 28 
11 0 0 0 25 33 
10 0 0 0 19 33 
11 0 0 0 23 33 
16 0 0 0 17 32 
7 0 0 0 17 26 
0 0 0 0 17 26 
1 0 0 0 18 26 
0 0 0 0 18 29 
0 0 0 0 19 25 
0 0 0 0 18 24 
0 0 0 0 18 25 
0 0 0 0 18 24 
0 0 0 0 17 28 
0 0 0 0 17 23 
0 0 0 0 16 23 
0 0 0 0 16 22 
0 0 0 0 16 26 
0 0 0 0 16 22 
0 0 0 0 16 22 
0 0 0 0 16 22 
0 0 0 0 16 26 
0 0 0 0 16 26 
0 0 0 0 16 26 
0 0 0 0 16 22 
0 0 0 0 16 22 
0 0 0 0 16 26 
0 0 0 0 16 22 
0 0 0 0 16 22 
0 0 0 0 16 21 
0 0 0 0 15 21 
0 0 0 0 16 21 
0 0 0 0 15 20 
