0 0 80 162 185 174 
0 0 0 68 163 161 
0 0 0 19 128 142 
0 0 0 1 101 127 
0 0 0 0 80 105 
0 0 0 0 66 90 
0 0 0 0 57 79 
0 0 0 0 50 69 
0 0 0 0 44 63 
0 0 0 0 40 57 
0 0 0 0 36 52 
0 0 0 0 34 48 
0 0 0 0 31 49 
0 0 0 0 30 47 
0 0 0 0 29 41 
0 0 0 2 31 41 
13 0 0 6 37 47 
14 0 0 9 34 48 
24 0 0 10 34 44 
40 0 0 11 34 45 
37 0 0 10 37 45 
39 0 0 8 36 48 
35 0 0 9 35 47 
39 0 3 15 33 45 
39 6 14 23 38 45 
60 7 17 28 43 48 
95 14 25 35 48 51 
130 15 26 36 50 53 
131 19 29 40 54 56 
121 17 29 41 55 58 
124 15 28 40 56 58 
114 4 19 35 53 57 
97 0 15 30 56 56 
93 0 12 26 49 54 
81 0 8 23 46 53 
76 0 6 21 47 52 
72 0 0 17 43 50 
70 0 0 15 37 48 
66 0 0 13 39 46 
64 0 0 12 33 49 
60 0 0 11 31 47 
56 0 0 10 35 46 
51 0 0 10 30 41 
50 0 0 9 29 43 
43 0 0 7 32 43 
34 0 0 5 26 41 
34 0 0 3 24 39 
29 0 0 2 27 37 
36 0 0 1 21 37 
33 0 0 0 25 36 
26 0 0 1 20 35 
19 0 0 0 24 35 
16 0 0 0 19 34 
15 0 0 0 23 34 
10 0 0 0 19 33 
8 0 0 0 19 28 
4 0 0 0 19 31 
9 0 0 0 19 27 
0 0 0 0 19 26 
0 0 0 0 19 26 
3 0 0 0 19 29 
0 0 0 0 18 24 
0 0 0 0 18 24 
0 0 0 0 18 24 
0 0 0 0 18 27 
0 0 0 0 17 27 
0 0 0 0 18 23 
0 0 0 0 18 24 
0 0 0 0 18 24 
0 0 0 0 17 28 
0 0 0 0 17 23 
0 0 0 0 17 23 
0 0 0 0 17 23 
