0 0 104 177 218 203 
0 0 32 93 193 192 
0 0 7 46 159 173 
0 0 3 28 130 151 
0 0 0 16 107 131 
0 0 0 9 89 118 
0 0 0 5 75 99 
0 0 0 1 64 91 
0 0 0 0 56 77 
0 0 0 0 49 69 
0 0 0 0 45 63 
0 0 0 0 41 62 
0 0 0 0 37 53 
0 0 0 0 35 50 
0 0 0 0 33 47 
0 0 0 0 32 49 
0 0 0 0 31 48 
12 0 0 0 31 48 
22 0 0 4 32 49 
29 0 0 6 37 49 
33 0 0 7 38 50 
33 0 0 10 39 46 
29 0 5 16 37 47 
24 10 17 27 42 49 
35 44 42 45 53 54 
58 48 51 56 66 61 
62 48 54 61 68 66 
93 61 64 69 76 73 
129 51 62 70 80 78 
148 47 57 68 81 80 
131 34 48 61 78 79 
103 26 40 54 75 79 
76 12 29 46 70 76 
59 0 17 35 63 71 
50 0 11 27 56 65 
46 0 5 22 55 62 
46 0 0 17 49 58 
46 0 0 13 45 54 
38 0 0 10 36 50 
31 0 0 8 37 51 
18 0 0 4 29 47 
8 0 0 1 27 39 
0 0 0 1 27 37 
0 0 0 0 26 35 
0 0 0 1 26 34 
0 0 0 0 25 37 
0 0 0 0 24 32 
0 0 0 0 23 31 
0 0 0 0 22 30 
0 0 0 0 21 34 
0 0 0 0 20 28 
0 0 0 0 19 28 
0 0 0 0 18 27 
0 0 0 0 18 29 
0 0 0 0 18 29 
0 0 0 0 17 25 
0 0 0 0 16 24 
0 0 0 0 17 24 
0 0 0 0 16 27 
0 0 0 0 16 27 
0 0 0 0 16 23 
0 0 0 0 17 24 
0 0 0 0 16 24 
0 0 0 0 16 28 
0 0 0 0 16 23 
0 0 0 0 16 27 
0 0 0 0 16 23 
0 0 0 0 15 22 
0 0 0 0 16 22 
0 0 0 0 15 26 
