0 0 79 162 190 180 
0 0 0 67 167 167 
0 0 0 17 132 146 
0 0 0 0 103 130 
0 0 0 0 81 107 
0 0 0 0 67 95 
0 0 0 0 56 79 
0 0 0 0 49 70 
0 0 0 0 43 62 
0 0 0 0 38 59 
0 0 0 0 35 52 
0 0 0 0 34 48 
0 0 0 0 32 46 
0 0 0 0 32 49 
0 0 0 0 32 43 
0 0 0 0 32 43 
0 0 0 3 32 42 
3 0 0 5 33 47 
14 0 0 5 33 48 
28 0 0 4 31 48 
26 0 0 4 30 47 
32 0 0 3 28 45 
26 0 0 2 27 44 
24 0 0 1 25 42 
17 0 0 0 29 42 
10 0 0 2 25 41 
9 0 0 8 27 36 
6 9 14 21 35 40 
17 21 27 34 44 45 
16 31 37 43 51 50 
16 45 48 54 60 57 
21 42 50 58 65 63 
43 52 56 63 70 67 
49 42 52 62 76 71 
51 26 41 55 70 71 
47 23 36 50 67 70 
38 18 32 45 68 68 
30 6 22 38 60 64 
26 0 13 30 59 61 
23 0 6 23 53 58 
19 0 1 18 43 59 
16 0 0 14 43 51 
12 0 0 10 39 48 
5 0 0 7 31 46 
4 0 0 5 29 39 
3 0 0 5 29 37 
3 0 0 3 27 36 
3 0 0 3 27 38 
1 0 0 3 26 34 
0 0 0 3 26 33 
0 0 0 3 26 32 
0 0 0 1 25 36 
0 0 0 0 24 31 
0 0 0 0 22 33 
0 0 0 0 21 29 
0 0 0 0 21 28 
0 0 0 0 21 27 
0 0 0 0 19 31 
0 0 0 0 19 26 
0 0 0 0 19 25 
0 0 0 0 18 25 
0 0 0 0 18 25 
0 0 0 0 17 28 
0 0 0 0 17 24 
0 0 0 0 17 23 
0 0 0 0 16 23 
0 0 0 0 16 27 
0 0 0 0 15 21 
0 0 0 0 15 21 
0 0 0 0 15 21 
0 0 0 0 15 25 
0 0 0 0 15 25 
0 0 0 0 15 21 
0 0 0 0 15 21 
0 0 0 0 15 21 
0 0 0 0 15 25 
0 0 0 0 15 26 
