731 0 81 164 190 178 
585 0 0 68 166 165 
492 0 0 17 131 145 
409 0 0 0 101 125 
371 0 0 0 84 111 
340 0 0 0 65 96 
263 0 0 0 54 85 
208 0 0 0 47 75 
175 0 0 0 46 68 
150 0 0 0 42 63 
131 0 0 0 38 58 
114 0 0 0 35 54 
102 0 0 0 29 51 
120 0 0 0 27 48 
141 0 0 0 25 46 
182 0 0 0 23 44 
171 0 0 0 27 42 
159 0 0 0 26 41 
137 0 0 0 24 39 
211 0 0 0 24 38 
214 0 0 0 23 37 
183 0 0 0 18 36 
166 0 0 0 19 37 
151 0 0 0 24 36 
135 0 0 0 25 37 
142 0 0 2 22 38 
145 0 0 3 23 39 
157 0 0 5 29 40 
327 0 0 4 25 40 
435 0 0 4 29 40 
726 0 0 5 25 40 
1023 0 0 7 26 40 
1023 0 0 7 27 41 
1023 0 0 8 27 41 
800 0 0 7 26 40 
596 0 0 6 30 40 
442 0 0 3 23 38 
325 0 0 3 23 38 
236 0 0 2 27 37 
169 0 0 1 26 37 
118 0 0 0 25 36 
79 0 0 0 25 36 
50 0 0 0 20 35 
29 0 0 3 26 36 
12 0 0 8 24 37 
0 17 19 26 33 36 
1023 22 31 38 43 43 
1023 24 32 42 48 51 
939 15 28 41 51 50 
794 7 22 36 50 51 
662 0 15 31 53 51 
542 0 6 22 43 50 
453 0 0 16 39 46 
383 0 0 11 35 45 
316 0 0 8 35 46 
282 0 0 5 28 43 
251 0 0 2 29 41 
245 0 0 0 22 38 
235 0 0 0 25 37 
230 0 0 0 24 35 
221 0 0 0 18 33 
222 0 0 0 17 33 
216 0 0 0 21 32 
216 0 0 0 21 31 
243 0 0 0 16 30 
217 0 0 0 19 30 
218 0 0 0 19 29 
214 0 0 0 19 29 
205 0 0 0 14 29 
200 0 0 0 14 29 
203 0 0 0 15 29 
202 0 0 0 15 29 
202 0 0 0 15 29 
206 0 0 0 15 29 
206 0 0 0 15 29 
193 0 0 0 19 28 
178 0 0 0 19 29 
