112 0 83 165 187 176 
126 0 6 73 171 165 
119 0 0 24 133 146 
119 0 0 5 110 127 
129 0 0 0 84 113 
142 0 0 0 69 99 
147 0 0 0 58 87 
150 0 0 0 55 78 
153 0 0 0 49 71 
154 0 0 0 44 65 
161 0 0 0 36 60 
159 0 0 0 37 56 
164 0 0 0 30 52 
175 0 0 0 32 50 
227 0 0 0 27 48 
341 0 0 0 27 47 
1023 0 0 0 28 47 
1023 0 0 1 28 46 
1023 0 0 3 28 46 
1023 0 0 2 27 45 
1023 0 0 2 26 44 
1023 0 0 4 27 43 
988 0 0 3 25 42 
741 0 0 5 26 41 
554 0 0 5 30 41 
410 0 0 3 30 41 
301 0 0 3 24 40 
219 0 0 3 28 40 
157 0 0 2 28 39 
110 0 0 0 27 39 
73 0 0 0 27 38 
46 0 0 0 21 38 
25 0 0 0 26 37 
10 0 0 0 21 36 
0 0 0 0 20 31 
0 0 0 0 21 33 
0 0 0 1 22 29 
0 0 0 3 23 30 
0 0 0 12 28 37 
0 5 12 21 32 36 
0 11 19 29 38 40 
1023 14 26 36 46 50 
1023 19 28 38 48 52 
874 14 26 38 51 55 
716 8 21 35 50 52 
586 0 14 30 48 52 
488 0 11 26 46 50 
417 0 5 21 42 50 
363 0 4 19 44 47 
316 0 0 15 36 46 
265 0 0 12 38 42 
220 0 0 9 31 44 
206 0 0 7 28 43 
199 0 0 4 27 41 
196 0 0 2 28 39 
195 0 0 1 26 37 
198 0 0 0 25 36 
195 0 0 0 24 35 
182 0 0 0 19 34 
193 0 0 0 23 34 
193 0 0 0 23 33 
193 0 0 0 22 32 
179 0 0 0 22 33 
167 0 0 0 16 32 
176 0 0 0 21 32 
189 0 0 0 17 31 
196 0 0 0 20 31 
193 0 0 0 20 30 
187 0 0 0 15 30 
186 0 0 0 15 29 
