57 0 79 161 189 180 
71 0 0 67 165 166 
78 0 0 17 130 145 
83 0 0 0 106 129 
88 0 0 0 80 111 
92 0 0 0 65 96 
94 0 0 0 54 85 
93 0 0 0 51 75 
91 0 0 0 45 68 
89 0 0 0 41 63 
86 0 0 0 33 58 
84 0 0 0 30 54 
77 0 0 0 32 51 
71 0 0 0 31 48 
69 0 0 0 30 47 
72 0 0 0 24 45 
77 0 0 0 29 44 
108 0 0 0 25 43 
125 0 0 1 25 43 
141 0 2 12 30 40 
198 0 10 20 36 43 
245 0 9 22 39 46 
272 0 9 22 45 49 
274 0 5 20 44 49 
284 0 0 16 37 47 
291 0 0 13 36 47 
314 0 0 10 34 46 
570 0 0 7 36 48 
1023 0 0 8 31 47 
1023 0 0 7 29 46 
1016 0 0 5 28 44 
759 0 0 3 30 42 
565 0 0 3 25 41 
418 0 0 2 28 39 
307 0 0 1 22 38 
223 0 0 0 21 37 
159 0 0 0 25 36 
111 0 0 0 25 36 
74 0 0 3 22 36 
47 0 0 6 28 38 
26 5 11 19 34 36 
9 19 25 32 39 41 
1023 28 36 43 49 53 
1023 25 35 45 54 57 
1023 18 31 44 56 60 
998 8 22 38 54 56 
824 0 13 30 50 54 
684 0 11 27 47 52 
574 0 3 20 47 50 
484 0 0 14 37 47 
413 0 0 11 33 44 
354 0 0 9 35 46 
322 0 0 7 28 43 
294 0 0 6 31 42 
268 0 0 5 25 40 
223 0 0 6 25 40 
186 0 0 7 26 39 
166 0 0 7 25 40 
145 0 0 7 25 39 
137 0 0 4 28 39 
164 0 0 3 23 37 
173 0 0 2 27 37 
181 0 0 0 20 35 
183 0 0 0 19 34 
185 0 0 0 19 33 
187 0 0 0 19 33 
177 0 0 0 23 33 
152 0 0 0 22 33 
145 0 0 0 18 32 
159 0 0 0 22 32 
171 0 0 0 22 32 
176 0 0 0 21 32 
179 0 0 0 21 31 
186 0 0 0 16 31 
190 0 0 0 20 30 
