99 0 76 160 188 174 
114 0 0 65 162 161 
128 0 0 16 132 142 
121 0 0 0 100 123 
111 0 0 0 83 109 
122 0 0 0 64 95 
133 0 0 0 58 83 
142 0 0 0 46 74 
150 0 0 0 44 67 
145 0 0 0 35 60 
181 0 0 0 32 56 
242 0 0 0 29 52 
490 0 0 0 31 49 
722 0 0 0 26 47 
618 0 0 0 29 45 
506 0 0 0 23 43 
1023 0 0 0 25 44 
1023 0 0 5 28 45 
1023 0 0 7 29 46 
823 0 0 6 29 46 
614 0 0 6 33 45 
455 0 0 4 32 44 
334 0 0 4 31 43 
244 0 0 2 25 42 
175 0 0 0 28 41 
123 0 0 0 22 39 
83 0 0 0 27 39 
53 0 0 0 26 38 
30 0 0 0 21 37 
13 0 0 0 25 37 
0 0 0 0 19 34 
0 0 0 0 20 30 
0 0 0 0 20 33 
0 0 0 0 20 29 
0 0 0 0 20 28 
0 0 0 1 22 29 
0 0 0 7 26 35 
0 0 3 15 30 39 
0 0 6 18 33 42 
0 1 12 23 35 40 
0 1 13 25 39 41 
0 0 11 24 40 43 
128 0 9 23 45 45 
333 0 7 21 43 46 
335 0 6 20 42 45 
322 0 0 16 40 44 
329 0 0 13 37 41 
286 0 0 9 31 44 
537 0 0 7 33 43 
833 0 0 5 31 42 
815 0 0 3 29 40 
630 0 0 0 27 38 
512 0 0 0 24 35 
434 0 0 0 23 34 
368 0 0 0 18 33 
318 0 0 0 22 32 
288 0 0 0 16 31 
265 0 0 0 16 31 
244 0 0 0 16 31 
224 0 0 0 16 30 
266 0 0 0 15 30 
231 0 0 0 19 30 
214 0 0 0 19 30 
203 0 0 0 14 29 
237 0 0 0 18 28 
404 0 0 0 14 28 
418 0 0 0 17 28 
387 0 0 0 12 27 
346 0 0 0 12 26 
345 0 0 0 11 26 
304 0 0 0 11 25 
267 0 0 0 15 26 
245 0 0 0 11 25 
