119 0 78 162 187 178 
133 0 0 67 169 165 
142 0 0 18 130 145 
140 0 0 0 102 126 
129 0 0 0 81 112 
126 0 0 0 65 97 
133 0 0 0 60 86 
142 0 0 0 48 77 
145 0 0 0 42 69 
152 0 0 0 42 64 
143 0 0 0 34 58 
126 0 0 0 30 54 
123 0 0 0 27 50 
134 0 0 0 30 47 
147 0 0 0 24 45 
177 0 0 0 27 43 
229 0 0 0 22 42 
266 0 0 0 22 41 
279 0 0 0 27 41 
253 0 0 0 28 41 
234 0 0 1 29 42 
228 0 0 1 25 41 
266 0 0 6 26 43 
349 0 0 7 27 43 
1023 0 0 8 30 44 
1023 0 0 7 29 44 
928 0 0 5 27 43 
693 0 0 2 30 42 
516 0 0 0 27 39 
380 0 0 0 21 38 
279 0 0 0 25 37 
200 0 0 0 19 36 
142 0 0 0 20 36 
98 0 0 0 19 35 
64 0 0 0 19 35 
39 0 0 0 23 35 
20 0 0 0 18 34 
5 0 0 0 18 32 
0 0 0 0 19 32 
0 0 0 0 21 28 
0 0 0 5 24 30 
0 0 0 11 27 37 
1023 0 6 18 32 37 
1023 0 10 22 35 39 
1023 0 4 19 36 39 
1023 0 5 20 37 42 
1023 0 2 18 36 43 
888 0 2 17 34 42 
882 0 0 14 32 40 
723 0 0 12 37 41 
581 0 0 9 30 44 
464 0 0 5 27 42 
372 0 0 4 29 40 
331 0 0 3 28 39 
293 0 0 2 27 38 
270 0 0 0 25 36 
242 0 0 0 20 35 
223 0 0 0 19 34 
213 0 0 0 23 33 
214 0 0 0 23 32 
222 0 0 0 18 32 
212 0 0 0 22 32 
196 0 0 0 21 32 
176 0 0 0 20 31 
168 0 0 0 16 31 
174 0 0 0 20 31 
175 0 0 0 20 31 
174 0 0 0 20 30 
175 0 0 0 20 30 
177 0 0 0 19 30 
180 0 0 0 15 29 
