186 0 114 187 215 201 
210 7 42 102 189 195 
230 6 19 57 155 170 
237 0 0 22 120 133 
242 0 0 6 84 108 
243 0 0 9 69 94 
246 2 0 11 62 82 
257 8 0 12 57 76 
246 0 0 13 53 70 
224 0 0 11 55 66 
234 0 0 9 53 74 
239 11 4 18 58 78 
249 19 9 25 68 81 
260 6 5 22 64 77 
271 5 3 19 60 72 
290 3 0 16 51 68 
290 14 4 19 49 64 
303 9 5 20 48 58 
318 0 0 4 36 46 
317 0 0 1 27 35 
326 0 0 8 25 37 
308 2 4 14 29 38 
324 0 0 13 35 39 
328 0 0 9 29 44 
331 1 0 6 32 43 
323 18 8 19 39 51 
336 20 9 24 50 63 
330 8 8 25 57 64 
319 7 0 18 48 61 
322 2 6 20 50 57 
322 12 9 21 46 55 
318 9 9 23 46 56 
325 6 6 20 44 47 
321 0 0 8 27 37 
306 0 0 4 19 30 
308 9 0 8 22 33 
303 1 0 9 24 36 
296 9 0 10 25 33 
291 4 0 10 26 34 
299 0 0 9 30 39 
301 18 17 26 42 52 
304 13 16 31 53 68 
316 18 14 30 53 65 
318 0 9 26 50 59 
295 12 7 24 48 56 
309 8 1 19 45 55 
321 10 5 20 42 52 
340 0 0 9 29 39 
341 0 0 2 18 28 
338 0 0 5 22 28 
333 3 1 11 27 28 
322 4 0 13 29 31 
316 0 0 11 25 32 
306 0 0 10 26 33 
295 1 0 11 29 42 
265 21 5 21 46 53 
