169 2 120 190 217 202 
187 0 38 101 193 195 
199 0 17 55 155 170 
203 9 4 32 127 148 
207 7 7 25 106 126 
220 0 0 12 83 97 
231 0 0 3 62 80 
235 0 0 5 55 74 
238 0 0 10 53 67 
235 0 0 9 50 67 
207 0 0 10 45 59 
215 0 0 11 44 57 
223 6 9 20 57 69 
232 14 21 33 64 80 
242 11 10 29 64 79 
244 8 5 23 59 75 
252 1 7 22 55 71 
267 9 8 22 57 67 
277 10 9 24 57 64 
291 0 0 13 42 51 
304 0 0 5 29 41 
302 0 0 3 22 35 
309 0 0 11 27 35 
324 3 0 13 34 38 
325 8 0 11 34 39 
337 7 0 11 34 40 
328 0 0 7 29 45 
320 11 8 19 42 56 
318 10 13 28 52 64 
303 0 4 23 51 64 
307 11 0 17 46 58 
308 8 0 17 44 56 
295 7 4 19 43 55 
278 9 6 20 46 52 
268 0 0 11 35 37 
261 2 0 6 21 30 
251 0 0 4 24 30 
247 3 0 7 22 33 
249 0 0 10 24 32 
245 3 0 8 23 37 
244 0 0 8 25 37 
246 0 0 11 29 41 
252 12 7 21 46 54 
252 1 11 27 55 60 
262 5 12 27 54 59 
256 1 3 21 46 57 
262 7 0 18 47 54 
273 7 5 20 46 51 
272 12 4 20 44 46 
267 0 0 9 28 36 
274 0 0 3 22 27 
280 0 0 7 20 29 
291 3 0 10 23 29 
276 0 0 8 28 34 
267 0 0 9 24 35 
253 0 0 7 28 35 
235 4 0 14 36 44 
210 8 16 27 45 56 
