176 10 113 187 220 208 
190 0 18 84 174 173 
204 0 0 30 131 142 
201 0 0 16 106 124 
210 0 0 13 90 111 
219 1 0 11 76 96 
225 0 0 9 66 92 
226 0 0 9 59 84 
236 14 11 23 68 89 
240 12 16 30 75 95 
239 4 8 26 76 91 
239 6 4 21 69 83 
240 0 4 20 59 78 
253 3 5 20 56 74 
273 9 10 24 59 69 
253 0 0 7 44 56 
249 0 0 2 28 42 
273 0 0 0 28 39 
281 0 0 6 27 41 
293 8 0 11 31 40 
338 6 0 11 36 41 
348 7 0 10 31 42 
353 2 0 10 34 48 
363 6 9 22 51 61 
421 2 10 27 54 67 
407 2 6 23 52 65 
360 5 4 20 52 61 
325 3 7 21 51 60 
296 7 4 20 45 58 
254 12 6 21 48 52 
223 0 0 5 29 41 
230 0 0 1 23 30 
259 0 0 6 25 32 
243 2 0 9 24 35 
237 0 0 10 30 33 
235 0 0 11 32 35 
230 0 0 8 31 40 
227 0 6 18 41 49 
208 8 8 23 46 61 
207 7 16 31 52 63 
213 0 6 25 50 62 
212 1 0 18 45 58 
225 12 3 19 42 53 
234 13 3 19 42 52 
237 0 3 17 43 43 
235 0 0 5 30 34 
224 0 0 1 17 27 
220 1 0 3 18 29 
224 0 0 7 21 32 
233 0 0 11 28 31 
210 0 0 10 25 32 
214 0 0 6 28 36 
235 22 4 16 36 47 
249 18 11 26 48 63 
254 17 7 24 53 58 
257 0 1 19 45 54 
