1 43 147 206 224 204 
2 43 88 136 214 204 
2 44 66 97 187 197 
2 44 60 79 162 182 
2 44 58 71 143 166 
2 44 58 69 130 153 
3 44 58 68 119 142 
3 44 58 68 113 134 
3 44 58 67 107 128 
4 44 58 68 103 122 
5 44 57 67 99 112 
6 44 57 67 97 108 
9 44 57 67 95 105 
13 45 57 67 94 102 
21 45 57 67 92 100 
28 46 57 67 95 98 
31 46 57 67 90 97 
36 47 58 68 90 96 
47 49 58 68 89 95 
52 49 58 67 88 94 
65 51 59 68 88 94 
67 51 59 68 88 94 
73 51 59 68 88 93 
96 55 59 68 87 92 
91 53 58 69 87 92 
112 56 59 68 86 91 
115 56 58 68 86 90 
110 55 58 68 85 93 
116 56 58 68 85 93 
101 55 59 68 85 92 
101 55 59 68 85 92 
85 53 59 68 85 88 
80 53 59 68 85 88 
77 53 59 69 86 89 
69 52 60 69 90 89 
76 53 60 69 86 89 
76 52 59 69 85 88 
74 53 59 69 85 88 
77 52 59 69 85 88 
69 51 59 68 89 87 
64 51 58 68 84 86 
62 50 58 68 83 85 
67 51 58 68 83 86 
71 52 58 68 83 85 
96 55 59 68 83 86 
94 54 59 68 83 85 
80 53 59 69 83 86 
85 54 59 69 84 86 
84 54 60 69 85 86 
71 53 59 69 84 86 
67 52 60 69 85 86 
58 51 59 69 88 86 
47 49 59 69 84 86 
37 48 59 68 84 85 
31 47 58 68 82 84 
29 47 58 68 87 84 
25 47 58 68 82 84 
21 46 58 68 82 84 
17 46 58 68 82 83 
14 46 58 68 82 84 
10 46 59 68 82 84 
6 45 59 68 82 84 
4 45 59 69 83 84 
3 45 59 69 82 84 
2 44 59 69 83 84 
1 44 58 68 83 84 
3 44 58 68 82 84 
1 44 58 68 82 83 
1 43 57 67 81 83 
1 44 57 67 81 82 
0 43 57 67 81 82 
0 43 57 67 81 82 
0 43 57 67 80 81 
0 43 57 67 81 82 
0 43 57 67 80 82 
0 43 58 68 81 82 
0 43 58 68 81 82 
0 43 58 68 81 82 
0 43 58 68 82 82 
0 43 58 68 82 82 
0 43 57 67 81 82 
0 43 57 67 81 82 
0 42 56 67 80 82 
0 42 57 66 80 81 
0 42 56 66 80 81 
0 42 56 66 80 81 
0 42 56 66 79 80 
0 42 56 66 79 80 
