21 47 149 207 251 231 
21 47 90 137 233 225 
22 47 68 98 198 213 
23 47 61 80 171 194 
22 47 59 72 150 176 
23 46 58 69 135 161 
23 46 58 68 124 149 
23 46 58 68 116 140 
23 46 58 67 110 132 
24 46 58 67 106 126 
23 47 58 68 102 122 
23 46 58 68 100 118 
24 47 59 68 98 110 
26 47 59 68 96 107 
28 47 59 68 100 110 
35 48 59 69 95 104 
55 50 59 69 94 103 
68 51 59 68 97 101 
85 53 59 68 92 99 
95 54 59 68 92 98 
96 54 59 68 91 97 
103 55 58 68 90 96 
101 55 59 67 89 98 
104 55 59 69 89 98 
109 57 59 69 89 94 
107 57 60 69 89 94 
109 57 60 70 89 93 
107 57 60 70 89 94 
115 58 61 71 89 94 
100 56 60 70 89 93 
94 55 60 70 89 93 
100 56 60 69 88 93 
91 55 60 70 88 92 
108 57 60 69 87 95 
93 55 59 69 87 90 
99 55 59 69 91 90 
86 54 59 69 86 90 
84 54 59 69 86 89 
74 53 60 69 86 89 
78 53 60 69 90 88 
72 53 60 70 86 89 
71 53 60 70 87 90 
64 53 61 70 87 90 
58 52 60 70 91 90 
49 51 60 70 91 89 
41 49 60 70 86 89 
32 48 60 70 86 89 
30 48 59 69 86 88 
24 47 59 69 85 87 
19 46 59 69 89 87 
14 46 59 69 85 87 
12 46 58 68 84 87 
11 45 58 68 84 86 
9 46 59 68 84 86 
7 46 59 69 84 86 
6 46 59 69 84 86 
6 46 59 69 85 87 
5 46 59 69 84 86 
5 45 59 69 85 87 
4 45 59 69 85 87 
4 45 59 68 84 86 
4 44 58 68 84 86 
3 44 58 68 83 85 
3 44 58 68 83 85 
1 43 58 68 83 84 
2 44 58 68 83 84 
2 44 58 67 82 84 
2 44 58 68 82 84 
2 44 58 68 83 84 
2 44 58 68 83 84 
2 44 58 68 83 85 
2 45 58 68 83 85 
2 44 59 69 83 85 
2 44 59 68 83 85 
2 44 58 68 83 85 
2 44 58 68 83 84 
2 43 57 67 82 84 
2 43 57 67 82 83 
3 43 57 67 82 83 
2 43 57 67 82 83 
2 43 57 67 81 82 
