0 43 147 205 223 199 
0 43 89 136 211 202 
0 43 67 98 184 194 
0 43 60 79 160 179 
0 43 58 71 142 164 
0 42 57 68 127 150 
0 42 57 67 118 140 
0 42 57 66 110 131 
0 42 57 66 104 124 
0 42 57 66 100 119 
0 42 57 67 97 109 
0 42 57 67 95 106 
0 43 57 67 94 103 
0 43 57 67 93 101 
0 43 57 67 91 99 
0 43 57 67 91 98 
0 42 57 67 89 97 
0 42 57 67 89 95 
0 42 57 67 88 94 
2 42 56 66 86 92 
9 43 56 66 86 91 
17 44 56 66 85 90 
28 45 56 66 89 90 
35 46 56 66 84 88 
49 47 56 66 88 88 
54 48 57 66 84 88 
60 49 57 67 84 88 
63 49 57 67 84 88 
67 50 58 67 85 88 
72 51 58 68 84 88 
85 52 58 68 84 88 
90 53 58 68 84 87 
87 53 57 68 84 87 
80 52 58 67 83 87 
70 50 57 67 83 86 
70 50 57 67 82 85 
72 50 57 66 82 84 
73 50 57 67 82 85 
70 50 57 67 82 84 
74 51 57 67 82 84 
74 51 58 67 82 85 
78 52 58 67 87 85 
76 52 58 68 83 85 
67 51 58 68 83 85 
63 50 58 68 83 85 
65 51 58 68 82 85 
69 51 58 68 87 85 
75 52 58 68 82 85 
72 50 58 67 82 84 
65 50 57 67 81 83 
57 49 57 66 81 83 
48 48 57 66 85 83 
40 47 57 67 80 82 
35 47 57 67 81 83 
32 47 57 66 80 82 
28 47 58 67 86 83 
24 46 58 67 82 83 
20 46 58 68 82 83 
17 45 58 68 82 83 
15 45 58 68 82 84 
12 44 58 68 82 83 
10 44 57 67 81 83 
9 43 56 67 80 82 
8 43 57 67 81 82 
6 43 56 66 80 82 
6 43 56 66 80 81 
5 43 56 66 80 81 
5 43 56 66 80 81 
4 43 56 66 80 81 
4 43 57 67 80 81 
3 43 57 67 81 81 
3 43 57 67 80 82 
4 43 57 66 80 81 
4 43 57 67 80 82 
5 43 57 67 81 82 
5 43 57 67 81 82 
4 43 56 67 80 81 
5 42 56 66 80 80 
