157 0 122 199 246 230 
181 0 31 96 200 205 
194 0 6 42 155 168 
199 0 0 14 112 129 
205 1 0 2 84 111 
210 4 0 4 76 99 
214 9 3 13 70 94 
201 9 7 19 70 92 
201 12 14 30 77 101 
207 12 16 34 81 106 
216 10 22 46 93 114 
217 11 27 49 95 112 
216 9 29 49 90 104 
220 3 21 40 78 91 
216 2 16 35 68 79 
223 0 7 23 58 66 
224 3 5 18 48 53 
224 3 0 5 27 41 
209 3 0 3 23 38 
189 4 0 6 25 41 
202 11 6 17 35 45 
199 10 9 22 43 53 
201 16 17 33 56 69 
183 12 17 36 69 77 
145 9 24 48 83 92 
120 3 28 49 81 92 
106 2 28 49 77 86 
104 0 20 39 67 75 
108 0 16 33 58 64 
114 0 6 23 47 54 
113 0 4 17 36 42 
157 0 0 5 25 31 
158 0 0 2 22 29 
164 2 0 6 20 32 
167 10 6 17 35 38 
170 10 9 23 44 47 
174 15 17 33 52 64 
178 13 18 36 61 76 
181 14 26 49 81 87 
198 12 28 50 82 87 
183 11 29 48 79 81 
176 3 21 39 68 70 
160 0 16 34 60 60 
149 0 8 24 45 50 
145 0 5 16 33 36 
160 0 0 4 19 27 
223 5 0 3 16 26 
318 10 0 8 20 27 
370 16 7 18 35 36 
409 15 11 24 39 46 
523 19 18 33 51 57 
1023 23 20 41 64 73 
1023 22 28 51 78 87 
1023 21 29 50 77 85 
1023 16 27 46 70 80 
996 15 21 39 67 67 
870 14 15 32 52 58 
777 13 9 23 47 45 
728 18 4 14 29 28 
722 17 0 3 22 24 
705 15 0 6 18 22 
698 16 3 13 24 30 
684 17 9 21 34 39 
662 18 14 28 45 51 
658 18 18 35 54 61 
644 18 22 43 69 82 
714 18 29 51 77 89 
732 17 30 50 75 85 
1023 14 24 43 66 75 
1023 13 20 37 59 66 
1023 11 9 26 45 48 
1023 18 7 20 36 36 
871 14 0 7 26 22 
720 14 0 3 20 20 
608 14 0 6 17 27 
520 17 7 16 27 32 
455 16 10 23 36 45 
380 18 18 33 54 58 
348 18 19 38 59 66 
329 17 26 49 73 82 
310 14 29 50 75 86 
300 12 29 49 72 81 
289 9 23 40 62 67 
282 10 17 34 58 56 
273 3 9 24 47 46 
267 5 7 18 36 34 
262 6 0 4 16 24 
256 8 0 4 19 23 
241 9 0 8 18 28 
209 13 8 18 28 32 
213 12 11 25 38 43 
222 17 18 34 50 59 
