133 0 94 158 170 151 
147 4 38 93 173 161 
152 10 23 61 155 168 
166 11 18 47 139 164 
173 11 23 50 134 164 
184 10 27 50 126 150 
195 7 28 47 108 128 
193 1 19 40 92 110 
196 0 15 33 78 93 
196 0 7 23 64 78 
190 0 4 16 48 61 
200 1 0 3 31 47 
200 3 0 3 27 44 
228 5 0 7 33 46 
214 12 6 17 38 49 
290 12 9 22 45 56 
1023 23 19 35 59 73 
1023 22 19 39 69 86 
1023 21 26 50 82 99 
1023 21 28 50 81 93 
1023 20 28 47 76 85 
976 14 21 40 66 74 
920 13 15 33 56 62 
1023 17 10 24 45 54 
1023 13 4 15 32 34 
1023 13 0 3 19 23 
1023 18 0 5 19 25 
845 16 1 11 29 31 
665 18 8 19 39 41 
528 20 13 27 45 53 
437 20 16 32 53 62 
376 17 20 41 66 77 
307 17 28 50 77 86 
249 14 29 50 75 83 
219 10 24 44 67 73 
193 6 20 38 59 64 
172 0 13 29 53 52 
152 0 8 22 41 43 
148 0 3 13 27 28 
143 0 0 2 16 24 
169 3 0 5 16 26 
195 7 1 10 22 30 
239 12 8 21 32 38 
277 14 13 28 43 54 
304 16 16 34 51 59 
735 18 21 42 66 80 
1023 21 29 52 77 90 
933 17 30 50 75 86 
857 19 25 44 66 71 
828 18 20 38 58 62 
746 16 13 29 48 50 
675 15 9 22 44 40 
651 17 2 10 28 23 
635 14 0 2 19 18 
601 13 0 6 16 21 
593 17 5 14 24 29 
568 17 10 21 34 38 
521 18 15 29 45 54 
506 18 18 35 54 64 
531 18 23 45 68 82 
524 17 29 51 75 82 
632 17 31 50 73 82 
1023 13 23 43 65 73 
1023 14 19 37 56 63 
1013 16 10 25 44 50 
802 12 7 20 33 33 
646 13 0 6 19 24 
531 13 0 2 18 18 
448 12 0 7 16 21 
384 16 7 17 26 31 
339 17 11 24 35 39 
301 20 19 34 49 53 
260 17 20 38 58 65 
243 16 26 49 73 81 
236 15 30 51 74 81 
227 14 30 50 72 77 
219 5 23 41 62 66 
214 5 19 36 55 57 
216 0 9 24 42 45 
211 2 7 20 34 35 
205 4 0 7 18 24 
202 5 0 3 14 22 
200 7 0 7 16 25 
188 12 7 18 26 31 
175 14 11 25 36 39 
167 16 19 34 49 53 
172 15 19 37 57 64 
180 15 25 48 75 80 
186 12 30 51 79 82 
183 12 30 50 76 77 
179 4 22 42 66 66 
180 4 19 36 55 57 
184 0 9 25 43 46 
181 0 6 19 33 36 
179 2 0 8 22 24 
