95 2 113 183 205 187 
100 3 53 118 205 208 
112 0 29 75 177 189 
133 2 27 54 149 169 
153 0 19 40 125 140 
170 0 15 33 105 117 
170 0 6 23 85 97 
175 0 3 16 67 77 
172 0 0 3 47 61 
157 0 0 1 40 55 
162 0 0 5 35 54 
164 8 5 15 47 57 
159 7 8 20 48 64 
161 13 16 31 59 76 
178 11 17 35 66 82 
182 10 23 47 85 100 
198 10 28 49 86 99 
202 9 29 48 79 89 
203 2 21 40 68 78 
220 4 17 35 60 67 
204 0 8 24 48 56 
265 6 6 19 42 45 
236 4 0 6 27 32 
212 5 0 3 22 30 
185 4 0 5 20 32 
174 10 5 16 33 37 
171 10 9 22 41 44 
161 13 16 31 50 62 
149 11 17 35 58 73 
140 9 22 46 76 84 
134 7 28 50 77 87 
130 4 29 49 75 83 
125 0 21 41 65 72 
108 0 18 36 57 63 
104 0 9 26 46 51 
108 0 6 20 37 42 
110 0 0 9 27 30 
112 0 0 1 18 24 
116 0 0 4 20 26 
141 3 1 12 23 31 
203 10 8 20 32 38 
316 16 15 29 44 51 
386 19 17 34 57 60 
806 21 21 43 67 78 
1023 20 29 51 77 89 
1023 19 30 50 75 86 
1023 18 22 42 65 75 
996 15 19 36 61 65 
744 15 10 26 45 47 
553 10 7 20 41 37 
408 13 0 7 21 26 
300 9 0 2 14 22 
223 8 0 6 16 25 
160 7 4 14 29 31 
111 5 9 20 32 39 
74 4 14 28 47 50 
46 3 16 33 56 58 
26 0 18 39 67 73 
18 0 26 49 74 82 
55 0 28 48 77 80 
160 6 27 47 72 72 
315 8 21 40 59 63 
412 9 16 33 51 52 
526 9 10 25 41 42 
1023 18 6 17 29 28 
1023 13 0 4 16 17 
1023 19 0 5 15 20 
840 16 1 11 26 26 
672 17 8 19 36 35 
554 18 13 26 41 50 
482 18 17 33 54 59 
426 16 19 39 62 71 
366 16 28 50 74 81 
339 15 30 49 73 79 
308 12 26 45 65 69 
280 9 21 39 58 62 
254 8 16 32 54 50 
234 6 10 24 40 41 
235 8 5 15 31 26 
221 5 0 3 15 22 
217 7 0 5 19 23 
206 7 1 10 19 26 
203 12 8 20 29 34 
198 13 12 27 44 48 
197 16 18 34 55 56 
354 17 19 40 62 75 
379 16 28 51 74 86 
362 15 30 49 73 83 
365 14 28 47 67 72 
359 10 21 39 59 62 
337 8 17 33 50 51 
319 6 10 24 40 41 
354 12 5 15 32 26 
345 12 0 3 15 20 
522 13 0 5 19 18 
465 14 0 10 24 24 
416 16 7 18 29 32 
374 16 13 26 40 44 
340 18 18 34 50 55 
323 17 19 40 61 70 
315 16 28 50 73 84 
315 14 30 50 73 79 
302 13 27 46 67 75 
289 9 22 40 59 62 
274 5 16 32 54 50 
261 4 10 25 45 41 
