0 31 140 199 217 197 
0 31 80 129 203 193 
0 31 59 90 177 187 
0 31 52 72 154 172 
0 31 50 64 135 158 
0 31 49 61 122 145 
0 31 49 60 112 134 
0 31 49 60 104 126 
0 31 49 60 99 114 
0 31 49 59 95 108 
0 34 49 59 92 104 
8 35 48 59 89 99 
40 39 49 59 88 97 
55 41 49 60 86 95 
64 42 50 60 85 93 
83 44 50 60 84 91 
100 47 51 60 83 94 
87 45 51 61 83 90 
81 45 51 61 82 89 
95 46 51 62 82 88 
81 45 51 61 81 87 
70 44 51 62 81 87 
61 42 50 61 81 85 
54 41 50 61 80 85 
45 40 50 60 79 83 
37 40 50 60 79 83 
27 38 50 60 78 82 
18 37 49 60 81 82 
12 37 50 60 77 81 
6 36 50 60 77 81 
2 36 50 61 77 81 
0 36 50 61 77 81 
0 35 50 61 77 81 
0 35 50 61 77 80 
0 35 50 61 77 80 
5 35 50 61 77 80 
15 37 49 60 77 80 
12 36 49 60 76 79 
11 36 49 60 75 78 
0 35 49 60 75 78 
0 34 49 60 75 78 
0 33 49 60 75 77 
0 32 49 60 75 77 
0 32 49 60 75 78 
0 32 49 60 75 78 
0 32 49 60 75 78 
0 32 49 60 75 78 
0 31 49 60 75 77 
0 30 49 60 75 78 
0 30 48 59 75 77 
0 30 48 59 75 77 
0 30 48 59 74 76 
0 30 48 58 74 75 
0 30 47 58 73 75 
0 30 48 58 73 75 
0 30 48 59 73 75 
0 30 48 59 73 74 
0 30 48 59 74 76 
0 30 48 59 74 76 
0 30 48 59 73 76 
0 30 48 59 74 76 
0 30 48 59 74 76 
0 30 48 59 74 76 
0 29 48 59 74 75 
0 29 47 58 73 74 
0 29 47 57 73 74 
0 29 47 58 72 74 
0 28 47 58 72 74 
0 29 46 58 72 73 
0 29 46 57 72 73 
0 29 47 58 71 73 
0 29 47 58 72 74 
0 29 47 58 72 74 
0 29 47 58 72 74 
0 29 47 58 73 74 
0 28 47 58 73 74 
0 29 47 58 73 74 
0 28 47 58 72 74 
0 28 46 57 72 73 
