0 31 140 199 216 196 
0 32 81 130 203 193 
0 32 59 91 178 187 
0 31 52 72 154 172 
0 32 50 64 135 158 
0 31 49 61 122 145 
0 31 49 60 111 134 
0 30 49 59 103 125 
0 30 48 59 97 113 
0 30 49 59 94 107 
0 31 48 59 91 103 
0 31 49 59 89 99 
0 31 49 59 87 96 
0 32 49 60 86 94 
0 33 49 60 85 93 
11 37 50 61 84 92 
22 38 50 60 83 91 
40 40 50 61 83 89 
50 41 50 61 82 88 
62 42 50 60 81 87 
67 42 49 60 80 86 
52 41 50 60 79 84 
43 39 49 60 79 84 
42 39 49 60 78 83 
43 39 49 60 78 82 
33 39 49 60 77 82 
27 38 49 60 78 82 
35 39 50 59 78 82 
24 38 50 60 78 82 
17 38 50 61 78 82 
16 38 50 60 77 81 
9 36 50 60 77 81 
6 36 49 60 77 80 
0 35 49 60 76 80 
0 34 49 59 76 79 
0 33 48 59 75 78 
0 33 48 59 75 78 
0 32 48 59 75 78 
3 35 48 59 75 77 
10 36 49 59 75 77 
21 37 49 60 75 78 
13 36 49 60 75 78 
8 36 50 60 75 78 
0 35 49 60 76 78 
0 34 49 60 75 78 
0 33 49 60 75 78 
0 32 49 59 75 77 
0 32 48 59 74 77 
0 31 48 58 74 76 
0 31 48 59 73 76 
0 30 47 58 73 75 
0 30 47 58 73 75 
0 30 47 58 73 75 
0 30 48 58 73 75 
0 30 48 58 73 75 
0 30 48 59 73 75 
0 30 48 59 74 76 
0 30 48 59 74 75 
0 30 48 59 74 76 
0 30 48 59 74 75 
0 29 48 59 73 75 
0 29 47 58 73 75 
0 29 47 58 72 74 
0 29 47 57 72 74 
0 29 46 57 72 73 
0 28 46 57 72 73 
0 28 47 57 71 73 
0 29 46 57 72 73 
0 28 47 58 72 73 
0 29 47 57 72 73 
0 29 47 58 72 74 
0 29 47 58 73 74 
0 29 47 58 73 74 
