0 29 139 198 215 191 
0 28 78 128 203 194 
0 28 56 88 175 185 
0 28 48 69 151 170 
0 28 46 61 131 154 
0 28 46 58 118 141 
0 28 46 57 108 131 
0 28 46 57 101 123 
0 28 46 57 95 111 
0 28 46 57 93 106 
0 28 47 58 90 102 
0 28 47 58 88 99 
0 29 47 58 86 96 
0 29 46 57 84 93 
0 29 46 57 83 91 
0 30 46 57 81 89 
3 32 46 57 80 87 
13 33 46 57 79 86 
29 35 46 57 83 85 
56 38 46 57 78 84 
63 39 46 57 77 83 
80 41 46 57 77 82 
95 43 47 58 77 81 
82 42 47 58 77 82 
93 43 48 59 77 82 
100 44 48 59 77 85 
104 45 48 59 77 81 
108 45 49 59 77 81 
93 43 48 59 77 81 
81 41 47 58 76 80 
84 42 47 58 76 79 
76 40 47 58 75 79 
67 40 47 58 75 78 
60 39 47 58 74 78 
53 39 47 58 74 77 
45 38 47 58 74 77 
34 37 48 58 75 77 
25 36 48 58 75 78 
18 35 48 58 79 78 
12 35 48 58 74 77 
6 34 48 58 74 77 
17 35 48 58 75 77 
21 35 47 58 74 77 
42 37 47 58 74 76 
40 37 47 58 73 76 
48 38 47 58 77 76 
69 40 48 58 78 76 
63 40 47 58 73 75 
50 38 47 58 73 75 
42 38 48 59 74 76 
22 36 48 59 74 76 
9 34 48 59 74 76 
0 33 48 59 74 76 
0 32 47 59 74 76 
0 32 47 58 73 76 
0 31 47 58 73 75 
0 31 47 58 73 75 
0 29 46 57 72 74 
0 29 46 57 72 74 
0 29 46 57 71 74 
0 29 46 57 72 73 
0 29 46 57 72 73 
0 29 46 57 71 72 
0 29 47 58 72 74 
0 29 47 58 72 74 
0 29 47 58 72 74 
0 29 46 58 72 74 
0 28 46 57 72 74 
0 28 46 57 72 74 
0 28 46 57 72 74 
0 28 46 57 71 73 
0 28 45 56 71 72 
0 27 45 56 71 72 
0 27 45 56 71 72 
0 27 45 56 70 72 
0 27 45 56 70 71 
0 27 45 56 70 71 
0 28 45 56 70 72 
0 27 45 56 71 72 
0 27 45 56 71 72 
0 28 46 57 71 72 
0 27 45 57 71 73 
0 27 45 56 71 73 
0 27 45 56 71 72 
0 27 45 56 70 72 
0 26 44 55 69 71 
0 26 44 55 70 71 
0 26 44 55 69 71 
