0 23 133 195 219 196 
0 23 69 122 203 195 
0 23 47 81 175 187 
0 23 39 61 148 170 
0 23 37 53 129 153 
0 22 36 49 114 139 
0 22 37 49 103 128 
0 22 36 48 96 114 
0 23 37 48 91 107 
0 23 37 48 87 101 
0 23 37 49 84 97 
0 23 37 49 82 94 
1 23 37 49 80 91 
1 24 37 49 79 89 
1 23 37 49 77 86 
1 23 37 49 75 84 
1 23 37 49 74 83 
1 22 36 48 73 81 
2 22 36 48 72 79 
2 22 36 48 70 77 
3 22 36 48 70 77 
4 23 36 48 69 76 
5 23 36 48 69 75 
8 23 36 48 69 75 
16 25 37 49 69 75 
26 25 37 49 69 75 
34 27 38 49 69 75 
54 29 38 50 69 74 
73 31 38 50 68 74 
75 31 38 50 69 74 
80 32 38 50 69 73 
85 31 37 49 68 72 
96 33 38 49 68 72 
104 34 37 48 67 72 
112 35 38 49 67 75 
105 34 38 49 67 75 
100 34 38 50 67 74 
98 34 38 50 71 71 
86 33 39 51 68 71 
83 33 39 50 68 72 
73 32 39 51 68 72 
72 32 39 51 68 71 
93 34 39 51 68 72 
87 33 39 51 68 72 
91 34 39 50 68 71 
77 32 38 50 67 71 
78 32 38 50 71 70 
82 32 38 50 67 70 
81 32 38 50 66 69 
79 32 38 50 70 69 
70 31 38 50 66 69 
64 31 39 50 67 69 
58 31 39 50 71 70 
63 31 39 51 67 70 
56 31 40 51 67 70 
47 30 40 51 68 71 
34 28 39 51 67 70 
27 27 39 51 67 70 
20 26 39 50 66 69 
14 26 38 50 66 69 
9 25 38 50 66 69 
6 24 38 50 66 68 
4 24 38 49 65 68 
3 24 37 49 64 67 
2 24 38 49 65 67 
1 24 38 49 65 68 
0 24 38 50 66 68 
1 25 38 50 66 68 
1 25 39 50 66 68 
0 24 38 51 66 68 
1 24 38 50 66 69 
1 24 38 50 66 68 
3 24 38 50 65 67 
2 24 37 50 65 67 
4 24 37 49 65 67 
6 24 37 49 64 67 
7 24 37 49 64 66 
8 24 37 49 64 66 
8 24 37 49 64 66 
8 24 37 49 64 66 
