1 21 130 192 212 189 
1 21 67 120 198 189 
1 20 44 78 171 181 
1 20 37 58 145 165 
1 20 34 50 126 149 
1 20 34 47 111 136 
1 19 33 46 100 125 
1 19 34 46 93 110 
1 20 34 46 88 104 
1 20 34 46 84 98 
1 20 34 47 82 94 
1 20 34 46 79 90 
1 21 34 47 77 88 
1 20 34 47 76 85 
2 20 35 47 74 84 
2 20 34 46 73 82 
2 20 34 46 71 80 
3 20 34 46 70 78 
4 20 34 46 69 76 
6 20 33 46 68 75 
7 20 33 46 68 74 
9 21 33 46 67 73 
11 21 33 46 67 73 
13 21 34 46 66 72 
16 22 34 46 66 72 
19 22 34 47 70 72 
25 23 35 47 67 72 
26 23 35 47 67 72 
29 23 35 47 70 71 
34 23 34 47 66 70 
35 24 34 47 66 71 
35 23 34 46 65 70 
34 23 34 46 65 69 
63 26 34 46 64 68 
69 27 34 46 68 68 
64 27 34 46 64 68 
63 27 34 46 64 68 
63 27 35 47 64 68 
62 27 35 47 64 68 
58 27 35 48 69 68 
52 27 35 48 64 68 
49 26 35 47 69 68 
49 26 35 47 68 68 
57 27 35 48 65 68 
49 26 34 47 68 68 
49 25 34 47 68 67 
49 25 34 46 67 66 
54 26 35 47 63 66 
47 25 34 46 63 66 
43 25 35 46 63 66 
38 25 35 47 67 66 
32 24 35 47 63 66 
26 24 35 47 63 67 
19 23 36 48 68 67 
13 22 35 47 64 67 
9 22 35 47 64 66 
4 21 35 47 63 66 
1 21 35 47 64 66 
0 20 34 46 63 66 
0 20 34 46 62 65 
0 19 33 46 62 64 
0 19 34 46 62 64 
0 19 34 46 62 64 
0 19 34 46 62 64 
0 19 34 46 62 64 
0 19 34 47 62 64 
0 20 34 46 62 65 
0 20 35 47 63 65 
0 20 35 47 63 65 
0 20 35 47 63 65 
0 21 34 47 63 65 
3 20 34 47 63 65 
4 20 34 46 62 64 
3 20 33 46 62 64 
3 19 33 45 61 64 
3 20 33 46 61 64 
3 20 33 46 61 63 
3 20 34 46 61 63 
2 20 34 46 61 63 
3 20 34 46 62 64 
2 20 34 46 62 64 
2 21 35 47 62 64 
2 21 35 47 62 64 
1 20 34 47 62 64 
1 20 34 47 62 64 
1 20 34 47 62 64 
