0 21 131 193 213 190 
0 21 67 120 199 190 
0 21 45 79 172 182 
0 21 37 59 146 166 
0 20 35 51 126 150 
0 20 34 48 111 136 
0 20 34 47 101 125 
0 20 34 46 93 111 
0 20 34 46 88 104 
0 20 34 46 85 98 
0 20 34 46 81 94 
0 21 35 47 79 91 
0 20 35 47 77 88 
0 21 35 47 76 86 
1 21 35 47 75 84 
2 21 35 47 73 82 
2 21 35 47 72 80 
3 21 35 47 71 79 
4 21 34 47 70 77 
6 20 34 47 69 76 
8 21 34 46 68 75 
9 21 34 46 67 74 
10 21 34 46 67 73 
11 21 34 46 66 72 
13 21 34 46 66 71 
15 22 34 47 67 72 
16 23 35 47 66 72 
24 24 35 47 66 72 
31 24 35 47 66 71 
39 25 35 47 71 71 
40 25 35 47 66 71 
53 26 35 47 66 71 
53 26 35 47 65 70 
59 26 35 47 69 69 
61 26 35 47 64 68 
58 26 35 47 68 68 
56 26 35 47 64 68 
64 27 35 47 64 68 
60 28 35 47 64 68 
73 29 36 48 65 68 
70 29 36 48 64 69 
75 29 36 48 65 68 
76 30 36 48 65 69 
70 29 36 48 65 68 
62 27 36 48 65 68 
55 27 36 48 65 68 
49 26 35 48 68 67 
44 25 35 48 64 67 
36 25 35 47 64 67 
29 23 35 47 67 66 
23 24 35 47 63 66 
17 22 35 47 64 67 
14 23 35 47 64 67 
10 22 35 47 64 67 
7 22 36 48 64 66 
5 22 36 48 64 67 
3 21 35 48 64 67 
1 21 35 47 64 67 
0 20 35 47 64 66 
0 20 35 47 63 65 
0 20 34 46 63 65 
0 20 34 46 62 65 
0 20 34 46 62 64 
0 20 34 46 62 64 
0 20 34 46 62 64 
0 21 35 47 62 65 
2 21 35 47 62 65 
2 21 35 47 63 65 
3 21 35 47 63 65 
4 21 35 48 63 66 
3 21 35 47 63 65 
3 21 35 47 63 65 
3 21 35 47 63 65 
3 20 34 46 62 64 
2 20 34 46 62 64 
3 20 34 46 62 64 
2 20 33 46 62 64 
3 20 34 46 61 64 
3 20 34 46 61 64 
3 20 34 46 61 64 
3 21 35 47 62 64 
2 21 35 47 62 64 
