1 22 133 197 296 280 
1 23 68 120 252 259 
2 23 46 78 208 235 
2 23 39 59 172 207 
2 23 37 51 147 182 
2 23 37 49 128 163 
3 23 37 49 116 148 
3 23 37 49 107 137 
3 23 37 49 100 128 
3 23 37 49 95 115 
3 23 37 49 92 109 
2 22 37 49 89 104 
3 22 37 49 86 100 
2 22 36 48 83 96 
2 22 36 48 81 93 
3 22 36 48 80 91 
3 22 36 48 78 89 
4 23 36 48 77 88 
3 23 37 49 76 86 
5 23 37 49 76 85 
6 24 37 49 75 84 
8 24 37 49 74 83 
12 24 37 49 74 82 
14 24 37 49 73 81 
17 24 37 49 73 81 
20 24 36 48 72 80 
24 25 36 48 71 79 
32 25 36 48 70 77 
46 27 36 48 70 77 
54 28 36 48 70 76 
64 29 37 48 70 76 
65 29 37 49 70 76 
69 31 38 49 74 76 
80 31 38 49 70 76 
84 32 39 50 70 76 
87 33 38 50 70 76 
96 34 39 50 69 75 
85 32 38 50 70 75 
79 32 38 49 74 75 
87 32 38 50 69 74 
84 32 38 50 69 74 
73 31 37 49 68 73 
72 30 38 49 68 73 
61 29 38 49 68 72 
69 31 38 50 72 72 
77 32 38 50 68 72 
70 31 39 50 68 73 
69 31 39 50 73 73 
68 31 39 50 73 73 
61 31 39 51 68 72 
55 30 39 51 69 73 
48 29 38 50 73 72 
41 28 38 50 68 72 
35 27 38 50 68 71 
29 26 37 49 71 71 
22 26 37 49 66 70 
16 25 37 49 67 70 
11 24 37 49 66 70 
7 24 37 49 66 69 
4 24 38 49 66 70 
2 24 37 49 66 70 
0 24 38 49 67 70 
0 24 38 50 67 70 
0 23 38 50 67 70 
0 23 38 50 67 70 
0 23 37 49 66 69 
0 23 37 49 66 69 
0 23 36 49 66 69 
0 23 37 49 66 68 
4 23 37 49 65 68 
4 23 37 49 65 68 
9 24 37 49 65 68 
8 24 37 49 65 68 
6 24 37 49 65 68 
6 24 37 49 66 68 
5 24 38 49 66 69 
4 24 38 50 66 69 
5 24 38 50 66 69 
5 24 37 50 66 69 
5 24 37 49 66 69 
4 23 37 49 65 68 
4 23 37 49 65 68 
5 23 36 48 65 67 
4 23 36 48 64 67 
3 23 36 48 64 67 
3 23 36 48 64 66 
