0 20 131 193 217 194 
0 20 67 120 202 193 
0 20 44 78 173 185 
0 20 37 59 147 168 
0 20 35 51 128 152 
0 20 34 48 113 138 
0 19 33 46 102 127 
0 19 34 46 94 112 
0 19 33 46 89 105 
0 19 33 46 85 99 
0 19 34 46 82 95 
0 19 34 46 79 91 
0 19 34 46 77 88 
0 20 34 46 76 86 
0 20 34 47 74 84 
0 20 35 47 73 83 
0 20 34 47 72 81 
0 20 34 47 71 79 
0 19 34 47 70 78 
0 19 34 46 70 77 
0 19 34 46 69 75 
1 19 33 46 67 74 
3 19 33 46 67 74 
5 20 33 46 67 73 
8 20 33 46 66 72 
10 20 34 46 66 72 
15 21 34 46 66 71 
20 22 34 47 66 71 
26 23 34 47 66 71 
27 24 35 47 66 72 
29 23 34 47 70 71 
30 23 34 47 66 71 
31 23 34 47 66 71 
41 24 34 47 65 70 
52 25 34 46 65 69 
71 27 34 47 64 69 
79 27 34 47 69 69 
79 28 34 47 69 69 
68 27 34 46 68 68 
62 26 34 47 64 68 
56 26 35 47 64 69 
52 26 35 47 65 69 
48 26 35 48 69 69 
41 25 35 47 64 68 
41 25 35 48 65 68 
40 25 35 48 65 68 
42 25 35 47 64 68 
41 24 34 47 64 67 
39 24 34 47 68 68 
36 24 34 46 64 66 
31 23 34 46 63 66 
24 22 34 46 63 66 
20 22 34 46 63 66 
16 22 34 46 63 66 
10 22 34 47 63 66 
5 21 35 47 64 66 
1 21 35 47 64 66 
0 20 34 47 64 67 
0 20 34 47 64 67 
0 19 34 47 63 66 
0 19 34 47 63 66 
0 19 34 46 63 66 
0 19 34 46 62 65 
0 18 33 46 62 65 
0 18 33 46 62 65 
0 18 33 46 62 64 
0 19 34 46 62 64 
0 19 34 46 62 65 
0 20 34 46 62 65 
0 20 34 46 62 65 
0 20 34 47 63 65 
0 20 34 47 63 65 
2 20 34 47 63 66 
2 20 34 47 63 65 
0 20 34 46 62 65 
0 19 34 46 62 64 
0 19 34 46 62 64 
1 19 33 46 61 64 
1 19 33 46 61 64 
1 19 33 45 61 63 
1 19 33 46 61 64 
1 20 34 46 61 64 
1 20 34 46 61 64 
0 20 34 46 62 64 
0 20 34 47 62 64 
0 19 34 46 62 64 
0 20 34 46 62 65 
0 19 34 46 62 64 
0 19 33 46 62 63 
0 19 33 46 61 64 
0 19 33 46 61 63 
0 18 33 45 61 63 
0 19 33 45 61 63 
0 19 32 45 60 62 
0 19 32 45 60 63 
0 19 33 45 61 63 
0 19 33 46 61 63 
