0 0 78 158 186 177 
0 0 0 64 161 163 
0 0 0 17 127 142 
0 0 0 0 100 127 
0 0 0 0 79 109 
0 0 0 0 66 94 
0 0 0 0 57 79 
0 0 0 0 50 71 
0 0 0 0 45 64 
0 0 0 0 41 58 
0 0 0 0 38 54 
0 0 0 0 35 50 
0 0 0 0 33 47 
0 0 0 0 31 49 
0 0 0 0 30 47 
0 0 0 0 28 41 
0 0 0 0 27 39 
0 0 0 0 26 38 
0 0 0 0 25 40 
0 0 0 0 25 35 
1 0 0 0 24 35 
13 0 0 0 28 40 
33 0 0 0 26 39 
33 0 0 0 26 39 
32 0 0 0 20 38 
21 0 0 0 24 38 
14 0 0 0 19 37 
6 0 0 0 19 31 
5 0 0 0 19 31 
0 0 0 0 20 34 
0 0 0 0 20 29 
0 0 0 0 20 32 
0 0 0 0 20 28 
0 0 0 0 19 28 
0 0 0 0 19 28 
0 0 0 0 19 32 
0 0 0 0 19 28 
0 0 0 0 19 27 
0 0 0 0 19 27 
0 0 0 0 18 31 
0 0 0 0 18 31 
0 0 0 0 19 26 
0 0 0 0 19 27 
0 0 0 0 19 27 
0 0 0 0 19 27 
0 0 0 0 19 27 
0 0 0 0 19 26 
0 0 0 0 19 26 
0 0 0 0 18 30 
0 0 0 0 18 26 
0 0 0 0 18 29 
0 0 0 0 17 25 
0 0 0 0 18 25 
0 0 0 0 17 29 
0 0 0 0 18 29 
0 0 0 0 18 25 
0 0 0 0 18 25 
0 0 0 0 18 25 
0 0 0 0 17 25 
0 0 0 0 17 25 
0 0 0 0 18 29 
0 0 0 0 18 25 
0 0 0 0 18 24 
0 0 0 0 17 25 
0 0 0 0 18 28 
0 0 0 0 17 24 
0 0 0 0 17 24 
0 0 0 0 17 24 
1 0 0 0 17 28 
18 0 0 0 17 29 
15 0 0 0 20 30 
10 0 0 0 15 30 
5 0 0 0 15 24 
0 0 0 0 16 28 
0 0 0 0 16 23 
0 0 0 0 16 24 
0 0 0 0 16 24 
0 0 0 0 17 28 
0 0 0 0 17 24 
0 0 0 0 16 23 
0 0 0 0 17 23 
0 0 0 0 16 27 
0 0 0 0 17 23 
0 0 0 0 16 23 
0 0 0 0 16 23 
0 0 0 0 16 23 
0 0 0 0 16 27 
0 0 0 0 16 23 
0 0 0 0 16 23 
0 0 0 0 16 23 
0 0 0 0 16 23 
0 0 0 0 16 27 
0 0 0 0 16 27 
0 0 0 0 16 23 
0 0 0 0 16 23 
0 0 0 0 16 26 
0 0 0 0 16 27 
0 0 0 0 16 23 
0 0 0 0 16 23 
0 0 0 0 16 22 
0 0 0 0 16 26 
0 0 0 0 16 22 
0 0 0 0 16 22 
0 0 0 0 16 22 
0 0 0 0 16 22 
0 0 0 0 16 22 
0 0 0 0 16 26 
1 0 0 0 16 22 
5 0 0 0 17 23 
11 0 0 0 21 29 
15 0 0 0 20 29 
26 0 0 0 15 29 
27 0 0 0 19 29 
17 0 0 0 18 28 
10 0 0 0 14 28 
2 0 0 0 14 22 
0 0 0 0 14 25 
0 0 0 0 15 22 
0 0 0 0 15 25 
0 0 0 0 15 22 
0 0 0 0 15 22 
0 0 0 0 16 26 
0 0 0 0 16 26 
0 0 0 0 16 22 
0 0 0 0 16 22 
0 0 0 0 16 22 
0 0 0 0 16 26 
0 0 0 0 16 22 
0 0 0 0 16 26 
0 0 0 0 16 22 
0 0 0 0 16 22 
0 0 0 0 15 22 
0 0 0 0 16 25 
0 0 0 0 15 21 
0 0 0 0 15 21 
0 0 0 0 15 21 
0 0 0 0 15 25 
0 0 0 0 15 25 
0 0 0 0 15 22 
0 0 0 0 16 22 
0 0 0 0 16 22 
0 0 0 0 16 26 
0 0 0 0 16 22 
0 0 0 0 16 22 
0 0 0 0 16 22 
0 0 0 0 16 25 
0 0 0 0 16 26 
0 0 0 0 16 22 
0 0 0 0 16 25 
0 0 0 0 15 21 
0 0 0 0 15 21 
0 0 0 0 15 21 
0 0 0 0 15 21 
0 0 0 0 15 21 
0 0 0 0 15 21 
0 0 0 0 16 21 
0 0 0 0 16 22 
0 0 0 0 16 26 
0 0 0 0 16 21 
0 0 0 0 16 21 
0 0 0 0 16 21 
0 0 0 0 16 25 
0 0 0 0 15 25 
0 0 0 0 15 21 
0 0 0 0 15 21 
0 0 0 0 15 21 
0 0 0 0 15 25 
0 0 0 0 15 21 
0 0 0 0 15 21 
0 0 0 0 15 21 
0 0 0 0 15 25 
0 0 0 0 15 25 
0 0 0 0 15 21 
0 0 0 0 15 21 
0 0 0 0 15 21 
0 0 0 0 15 25 
0 0 0 0 15 26 
