191 11 114 184 210 197 
218 0 34 97 184 187 
209 0 8 49 151 165 
205 12 5 31 124 144 
223 0 6 25 110 127 
239 10 9 24 91 110 
244 0 0 12 68 85 
246 0 0 4 51 71 
251 3 0 8 52 68 
256 0 0 10 46 62 
255 0 0 10 44 59 
246 6 0 7 41 60 
240 0 0 5 37 57 
249 19 9 19 53 65 
252 15 14 28 61 76 
256 16 13 28 61 75 
261 2 5 22 60 71 
271 5 4 21 57 66 
277 7 9 23 57 65 
309 10 7 23 49 62 
360 0 0 10 41 46 
399 3 0 0 27 35 
459 0 0 4 26 34 
508 5 3 12 26 34 
564 11 0 13 33 35 
651 8 0 12 30 37 
670 6 0 12 35 39 
674 5 4 16 41 50 
771 14 18 30 50 63 
868 15 13 30 56 70 
943 7 7 25 52 64 
990 10 4 21 48 60 
980 12 3 20 46 57 
1023 7 8 23 47 55 
1023 5 0 13 37 42 
1023 0 0 6 25 34 
1023 7 0 0 18 30 
1023 6 0 8 22 33 
1023 13 0 8 24 32 
1023 8 0 8 24 36 
1023 10 0 9 25 34 
1023 9 0 10 29 42 
1023 12 9 23 42 55 
1023 7 12 28 51 61 
1023 13 13 29 51 64 
1023 10 10 26 49 61 
1023 13 8 24 47 55 
1023 21 7 24 46 53 
1023 13 0 12 35 38 
1023 0 0 7 24 31 
1023 7 0 6 21 29 
1023 9 4 14 24 30 
1023 7 1 15 27 32 
1023 6 1 15 29 33 
1023 11 0 10 28 33 
1023 16 5 19 38 45 
1023 21 21 33 52 65 
1023 11 14 32 55 66 
1017 17 0 21 49 58 
986 15 5 21 46 54 
935 12 0 18 43 51 
815 20 7 21 44 50 
743 4 0 12 32 36 
722 0 0 4 20 27 
686 3 0 6 19 28 
671 3 1 12 27 28 
643 8 0 11 24 28 
616 5 0 11 26 31 
587 4 0 9 25 35 
575 14 11 21 34 43 
584 11 19 30 53 62 
568 16 8 26 55 60 
554 2 10 25 53 56 
557 13 4 21 49 53 
569 2 8 22 48 53 
552 8 6 21 42 51 
550 7 0 14 33 38 
548 0 0 7 22 30 
550 0 0 4 21 25 
550 8 4 12 21 25 
548 0 0 9 22 31 
548 8 0 11 23 28 
548 6 0 10 25 30 
558 3 0 10 26 35 
519 3 12 24 40 49 
524 10 20 32 51 63 
547 18 7 25 53 56 
554 1 8 23 46 55 
558 8 8 23 43 51 
559 9 8 23 43 52 
566 9 8 22 46 47 
561 5 0 12 32 32 
587 5 0 5 17 25 
587 6 0 9 19 28 
