19 0 114 187 211 192 
23 0 27 88 173 167 
24 0 0 35 133 143 
26 0 0 17 112 125 
26 0 0 9 88 115 
28 0 0 8 74 101 
35 0 0 6 68 91 
40 0 0 6 56 85 
48 3 1 16 63 92 
56 11 10 26 69 92 
71 0 3 21 66 91 
96 0 0 17 63 79 
111 0 0 16 54 72 
128 2 2 18 58 70 
162 0 6 20 56 66 
176 0 0 5 42 52 
197 0 0 2 31 40 
188 0 0 5 25 38 
178 10 0 10 33 36 
202 0 0 7 30 43 
201 0 0 5 28 43 
191 0 0 7 33 43 
187 0 0 7 31 50 
188 10 10 22 49 59 
242 13 7 26 57 65 
338 0 4 21 55 64 
448 5 2 19 46 60 
526 7 7 20 49 58 
621 12 7 22 44 55 
692 15 7 22 43 49 
772 3 0 11 34 34 
840 3 0 6 22 31 
884 5 0 9 24 34 
954 7 0 11 26 34 
978 13 0 12 32 34 
1023 2 0 12 29 35 
1023 10 0 9 29 37 
1023 16 7 21 41 52 
1023 21 9 26 51 62 
1023 9 0 20 49 61 
1023 13 2 19 45 56 
1023 10 4 21 44 54 
1023 6 8 23 45 53 
1023 16 6 23 44 49 
1023 0 0 13 32 35 
1023 9 0 5 21 28 
895 7 0 7 26 32 
787 7 0 10 24 31 
693 15 0 8 24 36 
626 0 0 9 29 36 
564 4 0 9 24 37 
516 11 6 18 35 46 
488 11 13 26 52 58 
459 3 15 29 55 60 
453 15 6 23 52 56 
445 4 5 20 45 53 
450 1 5 20 43 53 
430 11 9 22 43 50 
416 0 0 12 32 37 
451 6 0 5 25 29 
450 7 0 0 19 26 
474 0 0 6 23 29 
486 6 0 10 22 27 
