87 0 112 185 209 194 
80 0 40 100 185 189 
74 0 10 49 149 153 
82 0 0 17 111 121 
96 0 0 6 81 106 
106 0 0 9 70 95 
119 0 0 9 66 86 
129 0 0 8 56 79 
147 0 0 6 49 72 
156 0 0 7 51 72 
163 8 9 20 63 79 
174 14 14 29 66 84 
183 4 6 24 62 79 
186 7 0 18 56 74 
208 0 2 18 52 69 
221 5 4 20 55 66 
240 7 5 20 48 61 
275 2 0 10 40 45 
320 0 0 1 24 36 
360 2 0 7 24 37 
443 15 0 10 31 35 
535 0 0 10 34 37 
612 5 0 9 34 42 
670 5 0 6 33 43 
703 3 6 17 38 52 
781 20 15 28 55 68 
931 14 3 23 52 64 
1023 5 0 16 48 61 
1023 15 2 18 45 57 
1023 9 1 17 43 55 
1023 12 10 23 44 58 
1023 1 0 8 31 42 
1023 10 0 0 18 24 
815 15 0 9 20 26 
608 5 0 11 23 28 
452 5 0 10 25 31 
332 8 0 10 30 32 
243 0 0 9 27 38 
175 0 11 20 41 46 
124 10 16 30 50 60 
96 5 7 26 57 64 
81 0 4 21 48 64 
84 0 1 18 43 60 
54 0 6 21 42 54 
31 0 6 21 42 53 
14 0 2 19 39 47 
1 0 0 7 25 30 
0 0 0 1 17 24 
0 0 0 4 18 26 
0 0 0 8 22 24 
7 0 0 10 25 33 
55 0 0 9 30 35 
1023 15 0 10 26 31 
1023 4 5 17 34 44 
1023 14 14 28 48 63 
1023 7 12 30 52 61 
1023 20 10 26 50 62 
1023 13 7 24 47 55 
1023 15 5 22 45 52 
944 5 4 20 43 52 
842 1 0 7 30 41 
813 4 0 4 24 28 
780 6 0 3 16 26 
771 16 0 5 23 24 
747 13 0 7 21 31 
732 5 0 9 27 33 
719 6 0 8 27 33 
702 7 0 8 24 39 
690 21 8 21 38 49 
669 22 11 27 48 58 
689 12 4 22 46 54 
628 15 2 19 43 51 
572 9 6 20 47 51 
574 5 6 20 45 50 
591 10 1 17 36 42 
624 10 0 6 28 27 
639 0 0 3 20 23 
649 9 0 7 18 27 
653 4 0 7 24 30 
669 1 0 8 22 32 
665 6 0 8 22 32 
671 3 0 9 27 34 
673 6 12 22 41 45 
654 22 16 31 49 58 
683 9 8 26 49 59 
708 14 11 26 47 59 
