96 0 79 162 190 180 
122 0 0 67 170 166 
131 0 0 18 135 145 
133 0 0 0 107 126 
132 0 0 0 85 112 
127 0 0 0 65 96 
123 0 0 0 54 85 
130 0 0 0 51 76 
131 0 0 0 45 69 
135 0 0 0 41 63 
138 0 0 0 37 58 
135 0 0 0 35 54 
140 0 0 0 28 51 
146 0 0 0 26 48 
126 0 0 0 25 46 
137 0 0 0 29 45 
141 0 0 2 27 45 
137 0 0 12 36 43 
130 3 12 21 37 45 
288 16 24 31 48 52 
1023 23 33 40 53 59 
1023 21 33 43 57 63 
1023 26 35 45 60 65 
1023 27 38 47 62 68 
1023 36 43 52 66 72 
1023 35 44 53 68 73 
1023 32 42 53 68 74 
1023 27 39 51 67 70 
1023 24 36 49 66 70 
877 16 30 44 63 68 
687 9 23 38 59 65 
546 7 20 34 59 61 
429 0 14 29 52 59 
342 0 11 26 53 56 
288 0 9 23 47 54 
265 0 6 21 49 54 
252 0 4 19 42 52 
225 0 1 17 43 50 
199 0 0 15 37 48 
179 0 0 13 40 47 
161 0 0 12 38 45 
139 0 0 11 36 44 
127 0 0 8 30 46 
131 0 0 6 32 44 
130 0 0 4 31 42 
149 0 0 3 25 40 
147 0 0 4 24 40 
151 0 0 4 24 39 
151 0 0 3 24 39 
150 0 0 4 28 39 
150 0 0 3 28 38 
146 0 0 1 22 37 
139 0 0 0 26 37 
127 0 0 0 20 36 
124 0 0 0 19 35 
124 0 0 0 18 34 
118 0 0 0 22 33 
110 0 0 0 22 32 
106 0 0 0 16 32 
103 0 0 0 16 31 
104 0 0 0 16 31 
107 0 0 0 16 30 
106 0 0 0 15 30 
106 0 0 0 16 30 
90 0 0 0 16 30 
81 0 0 0 19 30 
78 0 0 0 15 30 
87 0 0 0 19 30 
93 0 0 0 19 29 
101 0 0 0 15 29 
106 0 0 0 14 29 
111 0 0 0 19 29 
120 0 0 0 15 29 
119 0 0 0 19 29 
123 0 0 0 14 28 
119 0 0 0 18 28 
102 0 0 0 14 28 
