29 0 79 162 192 178 
36 0 0 67 169 165 
46 0 0 18 135 145 
48 0 0 0 102 126 
52 0 0 0 81 112 
56 0 0 0 66 97 
57 0 0 0 59 85 
56 0 0 0 47 75 
51 0 0 0 45 68 
45 0 0 0 41 62 
48 0 0 0 32 57 
56 0 0 0 30 53 
51 0 0 0 33 50 
58 0 0 0 29 49 
62 0 0 7 32 49 
71 0 0 12 35 47 
107 0 9 20 39 49 
242 3 14 25 46 51 
229 1 14 26 46 52 
242 7 18 30 53 54 
221 4 17 30 50 55 
201 3 16 30 50 56 
200 1 15 29 50 55 
182 8 18 30 50 56 
146 6 19 31 55 56 
134 4 17 31 50 55 
117 5 17 31 50 55 
97 0 14 28 54 55 
97 0 13 26 52 54 
97 0 9 23 51 54 
86 0 9 23 49 53 
81 0 6 21 42 52 
73 0 2 18 44 55 
80 0 0 14 37 49 
79 0 0 12 34 46 
67 0 0 13 38 45 
57 0 0 12 37 44 
54 0 0 10 31 46 
56 0 0 8 29 44 
45 0 0 6 32 43 
40 0 0 5 26 42 
27 0 0 5 29 40 
20 0 0 4 24 39 
15 0 0 4 29 39 
13 0 0 3 28 38 
14 0 0 3 23 38 
28 0 0 3 23 38 
42 0 0 2 23 38 
41 0 0 2 27 37 
37 0 0 1 26 36 
31 0 0 0 25 35 
26 0 0 0 20 35 
21 0 0 0 24 35 
16 0 0 0 19 33 
12 0 0 0 18 33 
6 0 0 0 18 27 
0 0 0 0 18 30 
1 0 0 0 18 25 
3 0 0 0 18 25 
9 0 0 0 18 25 
15 0 0 0 23 31 
17 0 0 0 22 31 
22 0 0 0 17 31 
25 0 0 0 22 31 
27 0 0 0 22 32 
30 0 0 0 17 31 
37 0 0 0 21 31 
31 0 0 0 21 31 
31 0 0 0 21 30 
34 0 0 0 16 30 
