166 0 77 160 189 179 
187 0 0 65 164 164 
319 0 0 16 129 144 
330 0 0 0 105 125 
301 0 0 0 80 111 
279 0 0 0 69 96 
261 0 0 0 54 84 
246 0 0 0 47 75 
241 0 0 0 41 68 
230 0 0 0 41 62 
222 0 0 0 33 57 
215 0 0 0 35 54 
214 0 0 0 33 50 
221 0 0 0 26 48 
199 0 0 0 31 47 
206 0 0 0 27 46 
229 0 0 4 29 46 
276 0 0 8 35 47 
631 0 5 15 39 46 
1023 9 18 28 42 48 
1023 12 23 33 47 52 
1023 7 19 33 49 53 
774 0 13 29 54 54 
575 0 9 24 52 56 
426 1 12 25 45 53 
312 0 11 24 45 52 
226 0 8 22 49 53 
161 0 6 20 47 50 
113 0 4 19 41 50 
75 0 2 17 39 49 
47 0 0 15 42 48 
25 0 0 14 35 46 
10 0 0 12 33 49 
0 0 0 11 32 48 
0 0 0 10 31 46 
0 0 0 10 30 46 
0 0 0 9 29 39 
0 0 0 8 30 38 
0 0 0 7 29 41 
0 0 0 5 29 36 
0 0 0 4 27 35 
0 0 0 3 27 34 
0 0 0 1 26 33 
0 0 0 0 25 36 
0 0 0 0 23 35 
0 0 0 0 23 30 
0 0 0 0 22 29 
0 0 0 0 22 33 
0 0 0 0 22 28 
198 0 0 0 26 34 
289 0 0 0 20 34 
442 0 0 0 19 33 
580 0 0 0 18 33 
464 0 0 0 16 32 
339 0 0 0 21 32 
901 0 0 0 16 32 
1023 0 0 0 18 32 
1023 0 0 0 17 32 
1023 0 0 0 16 31 
1022 0 0 0 15 30 
816 0 0 0 19 29 
639 0 0 0 18 28 
520 0 0 0 13 28 
438 0 0 0 17 27 
381 0 0 0 13 27 
345 0 0 0 13 27 
325 0 0 0 17 27 
308 0 0 0 13 27 
342 0 0 0 13 28 
325 0 0 0 13 27 
