163 0 78 162 204 195 
186 0 0 66 175 179 
199 0 0 16 137 155 
214 0 0 0 112 132 
235 0 0 0 90 117 
243 0 0 0 69 102 
251 0 0 0 63 90 
242 0 0 0 50 80 
216 0 0 0 48 72 
219 0 0 0 43 65 
225 0 0 0 34 60 
235 0 0 0 36 56 
252 0 0 0 34 52 
268 0 0 0 27 50 
269 0 0 0 25 47 
311 0 0 0 29 46 
404 0 0 0 26 46 
358 0 0 3 33 47 
366 0 0 12 37 44 
1023 0 9 20 39 49 
1023 0 7 21 41 51 
1023 0 3 19 41 50 
775 0 3 18 46 51 
577 0 8 20 45 50 
426 0 8 20 45 49 
312 3 13 24 42 49 
227 0 11 25 44 50 
161 0 8 23 48 51 
113 0 6 21 42 52 
75 0 4 19 41 51 
47 0 0 15 43 50 
26 0 0 13 41 48 
9 0 0 11 34 50 
0 0 0 10 33 49 
0 0 0 9 31 42 
0 0 0 8 31 40 
0 0 0 6 31 43 
0 0 0 5 29 38 
0 0 0 4 29 36 
0 0 0 2 27 35 
0 0 0 0 26 37 
0 0 0 0 25 33 
0 0 0 0 24 32 
0 0 0 0 24 31 
0 0 0 0 24 35 
0 0 0 1 24 31 
0 0 0 6 27 32 
0 0 0 9 29 34 
0 0 0 10 30 40 
0 0 0 9 30 40 
0 0 0 8 30 40 
0 0 0 6 29 35 
0 0 0 4 28 34 
0 0 0 1 26 32 
0 0 0 0 25 35 
0 0 0 0 23 34 
361 0 0 0 22 35 
546 0 0 0 19 33 
610 0 0 0 22 32 
579 0 0 0 20 31 
794 0 0 0 20 31 
992 0 0 0 20 31 
1010 0 0 0 16 31 
759 0 0 0 19 30 
564 0 0 0 14 30 
415 0 0 0 18 29 
304 0 0 0 13 29 
220 0 0 0 14 28 
157 0 0 0 18 28 
