0 0 79 161 186 176 
0 0 0 67 163 163 
0 0 0 17 129 143 
0 0 0 0 101 128 
0 0 0 0 79 104 
0 0 0 0 65 89 
0 0 0 0 55 77 
0 0 0 0 47 72 
0 0 0 0 42 61 
0 0 0 0 38 55 
0 0 0 0 34 50 
0 0 0 0 32 51 
0 0 0 0 30 44 
0 0 0 0 28 42 
0 0 0 0 27 40 
0 0 0 0 26 38 
0 0 0 0 26 41 
0 0 0 0 28 37 
0 0 0 7 30 38 
0 0 5 16 35 47 
0 9 17 26 41 45 
0 9 20 30 45 48 
0 8 20 31 48 51 
0 7 20 32 49 52 
0 10 21 34 51 54 
0 4 18 31 51 55 
0 0 9 25 48 55 
0 0 3 20 44 57 
0 0 1 17 41 55 
0 0 0 13 37 53 
0 0 0 11 34 50 
0 0 0 9 32 42 
0 0 0 6 30 40 
0 0 0 4 29 37 
0 0 0 4 28 36 
0 0 0 2 26 34 
0 0 0 0 25 33 
0 0 0 0 24 32 
0 0 0 0 23 31 
0 0 0 0 23 30 
0 0 0 0 23 34 
0 0 0 0 21 33 
0 0 0 0 21 28 
0 0 0 0 20 28 
0 0 0 0 20 27 
0 0 0 0 19 30 
0 0 0 0 19 30 
0 0 0 0 18 29 
0 0 0 0 18 25 
0 0 0 0 17 28 
0 0 0 0 17 27 
0 0 0 0 17 23 
0 0 0 0 17 23 
0 0 0 0 17 23 
0 0 0 0 16 27 
0 0 0 0 16 23 
0 0 0 0 16 27 
0 0 0 0 16 23 
0 0 0 0 16 22 
0 0 0 0 16 22 
0 0 0 0 16 26 
0 0 0 0 16 26 
0 0 0 0 15 22 
