101 0 78 163 196 188 
115 0 0 66 169 171 
126 0 0 15 137 149 
132 0 0 0 108 127 
132 0 0 0 87 114 
129 0 0 0 67 99 
133 0 0 0 60 86 
132 0 0 0 52 77 
113 0 0 0 42 70 
102 0 0 0 37 63 
116 0 0 0 38 58 
119 0 0 0 35 55 
133 0 0 0 33 52 
209 0 0 0 26 49 
1019 0 0 0 26 48 
812 0 0 0 28 45 
697 0 0 0 26 42 
666 0 0 0 21 41 
640 0 0 0 19 39 
543 0 0 0 18 38 
436 0 0 0 22 36 
346 0 0 0 18 36 
268 0 0 0 17 35 
211 0 0 0 22 35 
181 0 0 0 17 35 
145 0 0 0 17 35 
127 0 0 0 16 34 
105 0 0 0 17 34 
86 0 0 0 17 34 
75 0 0 0 21 34 
61 0 0 0 21 33 
48 0 0 0 16 33 
36 0 0 0 16 33 
24 0 0 0 18 33 
15 0 0 9 27 36 
7 7 14 21 30 35 
43 32 33 38 42 42 
344 33 40 47 51 53 
907 22 35 47 56 55 
1023 9 26 42 56 57 
1023 5 21 37 55 58 
1023 1 16 33 52 57 
927 0 10 26 49 54 
722 0 4 21 49 53 
581 0 0 14 38 49 
472 0 0 9 38 50 
391 0 0 4 33 46 
329 0 0 2 26 43 
273 0 0 0 28 40 
237 0 0 0 27 38 
212 0 0 1 26 37 
183 0 0 0 21 37 
166 0 0 0 20 36 
161 0 0 0 19 35 
186 0 0 0 18 34 
240 0 0 0 18 34 
232 0 0 0 21 33 
229 0 0 0 17 32 
223 0 0 0 16 32 
249 0 0 0 15 31 
249 0 0 0 15 30 
285 0 0 0 14 29 
427 0 0 0 13 28 
313 0 0 0 17 28 
227 0 0 0 12 27 
161 0 0 0 12 27 
112 0 0 0 17 27 
74 0 0 0 12 27 
46 0 0 0 12 27 
25 0 0 0 17 27 
9 0 0 0 13 22 
0 0 0 0 14 25 
0 0 0 0 14 21 
0 0 0 0 15 21 
0 0 0 0 15 21 
0 0 0 0 15 21 
0 0 0 0 14 25 
0 0 0 0 14 24 
0 0 0 0 14 20 
0 0 0 0 14 20 
0 0 0 0 13 24 
0 0 0 0 14 24 
0 0 0 0 14 19 
0 0 0 0 14 20 
0 0 0 0 14 20 
