94 0 77 161 187 178 
99 0 0 65 164 164 
102 0 0 16 129 144 
124 0 0 0 105 123 
169 0 0 0 85 111 
245 0 0 0 65 97 
256 0 0 0 59 85 
293 0 0 0 50 75 
289 0 0 0 40 67 
294 0 0 0 40 62 
307 0 0 0 32 56 
323 0 0 0 29 52 
296 0 0 0 31 49 
293 0 0 0 29 47 
338 0 0 0 27 44 
621 0 0 0 22 43 
792 0 0 0 26 41 
685 0 0 0 19 39 
623 0 0 0 19 38 
515 0 0 0 22 37 
403 0 0 0 17 36 
342 0 0 0 16 35 
278 0 0 0 21 34 
230 0 0 0 21 34 
197 0 0 0 20 34 
170 0 0 0 19 33 
143 0 0 0 15 32 
127 0 0 0 14 32 
110 0 0 0 19 31 
100 0 0 0 14 31 
92 0 0 0 15 31 
85 0 0 0 22 33 
99 0 4 12 24 33 
478 20 24 30 35 42 
1023 19 31 39 45 49 
1023 17 29 40 49 49 
1022 14 27 39 52 52 
761 18 28 41 54 55 
566 16 28 40 54 59 
419 20 29 40 54 59 
306 5 20 35 52 55 
222 0 13 29 49 54 
158 0 3 21 45 51 
110 0 0 14 39 49 
74 0 0 9 34 49 
46 0 0 6 30 46 
25 0 0 5 32 44 
9 0 0 2 25 36 
0 0 0 0 24 33 
0 0 0 0 23 35 
0 0 0 0 22 30 
0 0 0 0 22 30 
0 0 0 0 21 28 
0 0 0 0 20 32 
0 0 0 0 19 27 
0 0 0 0 19 26 
0 0 0 0 18 25 
0 0 0 0 17 24 
0 0 0 0 16 28 
0 0 0 0 16 23 
0 0 0 0 15 23 
0 0 0 0 16 22 
0 0 0 0 15 22 
0 0 0 0 15 26 
0 0 0 0 15 26 
0 0 0 0 16 22 
0 0 0 0 16 23 
0 0 0 0 16 27 
0 0 0 0 16 27 
0 0 0 0 16 23 
0 0 0 0 16 23 
0 0 0 0 16 22 
0 0 0 0 16 26 
0 0 0 0 16 22 
