171 0 77 161 187 177 
171 0 0 65 168 163 
181 0 0 15 129 144 
189 0 0 0 100 123 
213 0 0 0 84 110 
228 0 0 0 64 95 
242 0 0 0 53 83 
231 0 0 0 50 74 
221 0 0 0 39 66 
218 0 0 0 39 61 
228 0 0 0 31 56 
366 0 0 0 28 52 
266 0 0 0 26 49 
191 0 0 0 29 47 
134 0 0 0 27 44 
91 0 0 0 26 42 
59 0 0 0 25 41 
35 0 0 0 24 40 
116 0 0 0 23 38 
313 0 0 0 23 37 
467 0 0 0 17 36 
713 0 0 0 22 35 
1023 0 0 0 17 35 
1023 0 0 0 16 34 
882 0 0 0 16 34 
707 0 0 0 15 33 
565 0 0 0 15 32 
443 0 0 0 14 32 
345 0 0 0 15 32 
271 0 0 0 19 31 
212 0 0 0 21 32 
167 0 0 0 18 33 
161 2 8 16 31 34 
482 11 20 28 39 38 
1023 24 31 38 44 48 
1023 19 31 41 49 53 
1023 13 27 39 51 55 
781 16 26 38 56 57 
581 10 23 35 55 57 
429 0 12 28 48 52 
314 11 20 31 49 52 
228 6 18 31 49 52 
163 0 13 29 52 52 
113 0 8 23 45 52 
76 0 1 18 45 54 
48 0 0 15 37 52 
26 0 0 13 38 45 
10 0 0 11 32 42 
0 0 0 9 29 39 
0 0 0 7 28 37 
0 0 0 4 27 35 
0 0 0 3 25 33 
0 0 0 0 24 31 
0 0 0 0 23 34 
0 0 0 0 22 29 
0 0 0 0 21 29 
0 0 0 0 20 28 
0 0 0 0 19 31 
0 0 0 0 18 30 
0 0 0 0 18 25 
0 0 0 0 18 25 
0 0 0 0 17 24 
0 0 0 0 16 27 
0 0 0 0 16 23 
0 0 0 0 15 22 
0 0 0 0 15 21 
0 0 0 0 15 26 
0 0 0 0 15 25 
0 0 0 0 15 25 
0 0 0 0 15 25 
0 0 0 0 15 21 
0 0 0 0 15 25 
0 0 0 0 15 25 
0 0 0 0 14 21 
0 0 0 0 15 21 
0 0 0 0 15 21 
0 0 0 0 15 25 
0 0 0 0 15 21 
0 0 0 0 15 25 
0 0 0 0 14 20 
0 0 0 0 15 21 
0 0 0 0 14 20 
0 0 0 0 14 24 
0 0 0 0 14 24 
