159 1 94 157 171 156 
176 7 38 93 174 162 
184 12 23 60 159 169 
169 11 17 45 137 163 
182 11 22 49 137 164 
193 8 27 50 122 146 
199 7 27 48 110 130 
203 0 20 39 93 111 
199 0 15 33 79 93 
206 0 7 23 64 79 
209 1 4 16 50 62 
205 1 0 4 32 48 
208 4 0 3 28 44 
211 4 0 6 33 46 
207 11 6 17 38 49 
202 10 8 22 45 56 
207 16 16 32 57 72 
234 14 18 37 66 79 
273 13 24 48 80 94 
328 14 28 50 81 93 
315 12 28 49 77 86 
1023 13 22 41 67 79 
1023 12 16 33 58 68 
1023 16 9 24 46 52 
838 13 6 16 34 37 
625 11 0 3 25 25 
464 14 0 3 22 25 
341 11 0 8 22 31 
249 13 7 18 36 39 
1023 17 13 27 43 55 
1023 18 17 34 54 66 
1023 21 19 41 67 83 
1023 22 28 50 78 92 
812 17 29 49 76 84 
619 15 24 43 67 73 
484 12 20 37 64 69 
410 8 13 29 49 52 
324 6 9 23 46 45 
270 7 3 12 30 29 
238 6 0 2 20 25 
212 6 0 5 22 27 
210 8 2 12 23 30 
222 14 9 20 34 39 
210 16 14 27 44 50 
233 17 18 35 54 60 
254 16 21 43 67 77 
424 16 28 51 77 85 
1023 20 30 50 75 86 
1023 18 23 43 67 76 
1017 17 20 37 58 66 
1007 15 10 26 45 48 
916 12 7 21 37 37 
850 14 0 9 22 23 
1023 19 0 4 16 20 
1023 14 0 9 18 22 
1023 22 8 19 29 33 
1023 21 11 25 39 43 
1023 19 19 35 51 60 
1023 19 20 39 61 73 
1010 22 26 50 75 87 
832 17 29 50 76 87 
677 16 29 49 72 76 
570 13 22 40 62 66 
493 11 17 34 56 54 
428 7 10 24 41 43 
379 9 7 18 35 32 
334 9 0 4 20 23 
304 10 0 4 14 19 
280 9 0 9 18 28 
264 16 9 19 33 33 
252 16 12 26 38 44 
243 17 19 35 50 55 
240 15 19 39 61 68 
216 14 27 51 75 82 
214 12 30 50 75 82 
212 10 28 47 70 78 
219 6 22 40 60 64 
219 4 16 33 51 53 
219 1 9 24 42 45 
