123 0 106 181 203 180 
132 0 26 83 168 158 
134 0 0 26 129 131 
143 0 0 11 99 114 
149 1 0 12 87 108 
158 5 5 18 82 104 
164 11 12 26 83 106 
166 12 15 32 84 106 
166 10 20 42 94 116 
167 8 27 49 102 120 
158 5 28 48 96 108 
155 0 19 40 84 93 
167 0 17 35 74 80 
186 0 8 25 56 68 
204 0 5 19 46 55 
264 4 0 7 32 41 
341 9 0 2 22 36 
1023 19 0 8 25 35 
1023 20 6 17 34 44 
1023 20 10 23 42 51 
851 20 17 32 54 63 
634 18 17 35 62 73 
470 17 24 46 76 93 
346 13 28 49 79 93 
806 17 30 50 77 89 
1023 18 21 41 66 77 
1023 17 16 34 57 67 
1023 11 9 24 45 50 
894 12 6 17 34 36 
703 14 0 4 18 23 
562 13 0 3 21 23 
442 15 0 7 20 32 
351 18 7 18 35 37 
310 15 12 25 40 47 
259 17 18 34 51 59 
230 15 19 39 63 73 
210 13 27 50 76 90 
225 11 28 49 75 87 
236 10 27 46 70 79 
251 7 22 40 66 67 
258 5 16 33 56 55 
277 4 10 25 47 45 
355 9 5 15 29 31 
866 14 0 4 21 21 
875 16 0 5 21 22 
823 16 1 11 22 28 
736 19 8 20 32 37 
800 19 14 28 43 53 
740 20 18 34 53 63 
639 17 20 42 65 80 
577 17 28 50 75 87 
522 18 29 50 74 81 
615 15 25 45 66 74 
550 13 21 38 58 62 
1023 15 12 29 47 53 
1023 16 8 23 38 39 
1023 17 1 9 22 23 
856 15 0 3 15 19 
697 16 0 7 16 21 
581 18 6 16 25 30 
494 17 11 23 39 39 
422 18 17 32 47 52 
368 17 19 36 55 63 
325 16 24 46 70 83 
298 14 29 51 80 86 
275 14 30 49 72 82 
252 6 23 42 67 67 
242 6 19 36 59 58 
216 0 10 26 44 45 
