155 6 98 162 190 178 
172 6 40 95 187 180 
162 13 25 63 164 181 
175 10 18 49 148 178 
191 10 25 52 145 173 
197 7 28 49 124 154 
207 5 24 45 108 132 
207 2 18 38 93 112 
213 0 11 28 76 91 
220 0 7 22 68 79 
219 3 2 11 45 58 
217 3 0 1 37 50 
223 5 0 4 31 49 
213 9 2 12 37 52 
187 11 7 19 44 57 
186 12 13 28 59 68 
201 12 16 34 63 75 
210 12 20 44 77 92 
214 12 27 50 84 96 
220 10 28 48 80 95 
221 4 22 41 71 80 
228 5 19 37 64 71 
228 0 10 26 51 57 
227 1 7 21 48 47 
225 5 0 8 28 36 
211 4 0 2 24 31 
218 5 0 5 25 33 
222 13 5 14 30 38 
261 14 9 22 43 46 
280 15 16 31 55 59 
311 16 18 36 59 69 
1023 21 25 49 76 87 
1023 17 29 51 80 93 
949 17 29 49 76 84 
843 13 21 41 66 73 
735 14 17 35 57 62 
909 11 9 24 46 50 
1023 16 6 18 35 36 
1023 13 0 5 20 22 
1022 14 0 4 19 22 
855 16 0 9 23 29 
662 17 8 18 37 38 
511 16 11 25 41 47 
406 19 18 34 52 59 
312 16 19 40 64 74 
242 14 27 50 76 89 
193 11 30 50 81 84 
163 7 28 47 75 76 
139 0 21 39 62 66 
134 0 15 32 52 55 
138 0 9 23 47 46 
182 4 5 14 29 31 
213 4 0 3 20 25 
221 7 0 5 16 26 
236 8 0 10 26 28 
228 12 8 20 32 37 
253 15 13 28 43 49 
228 15 17 34 53 59 
207 13 20 41 65 74 
183 12 28 51 81 88 
163 8 30 50 80 82 
155 5 25 45 73 72 
134 0 20 39 60 64 
114 0 12 29 49 51 
99 0 8 22 40 44 
146 0 4 13 26 28 
164 1 0 2 19 23 
157 2 0 5 19 24 
162 5 1 10 26 29 
154 9 8 19 31 36 
157 11 13 27 42 53 
155 13 17 34 52 62 
135 8 19 41 64 74 
141 9 27 50 79 83 
146 7 29 50 78 81 
150 5 25 44 71 71 
162 3 20 38 63 62 
166 0 13 30 52 50 
172 0 9 23 44 43 
169 1 3 12 29 27 
160 1 0 2 14 22 
157 2 0 5 19 24 
162 5 1 11 26 29 
156 8 8 20 31 38 
139 10 14 28 41 53 
147 12 16 34 51 61 
149 11 21 43 66 79 
143 11 28 51 75 82 
149 9 30 49 78 80 
156 5 23 42 68 69 
156 3 19 38 62 61 
150 0 11 29 50 48 
144 0 6 21 38 39 
139 0 1 10 27 24 
136 0 0 1 17 21 
119 0 0 5 20 24 
103 1 3 13 23 29 
92 2 8 20 36 38 
85 4 13 26 45 48 
91 6 17 32 50 56 
93 4 20 41 63 72 
93 4 27 49 74 81 
