161 0 119 196 220 199 
173 0 28 92 187 177 
181 0 5 41 142 149 
184 0 0 12 101 113 
193 1 0 3 82 101 
196 3 0 5 71 92 
179 10 5 14 71 86 
186 9 7 20 67 88 
190 13 16 30 78 97 
193 12 17 35 84 99 
203 12 23 46 91 114 
213 10 27 49 91 107 
217 9 28 49 86 98 
219 3 20 40 74 85 
222 3 16 34 63 73 
224 0 8 24 56 62 
220 0 5 17 44 48 
203 2 0 4 24 36 
184 2 0 2 20 34 
184 4 0 7 23 37 
198 13 7 17 33 42 
199 10 9 23 41 50 
206 15 17 32 53 62 
209 14 18 37 62 73 
210 13 25 48 77 89 
209 12 28 49 78 93 
218 10 28 47 75 87 
257 5 21 40 69 71 
266 6 17 34 61 62 
294 2 9 24 45 50 
266 4 6 17 39 38 
230 5 0 5 24 28 
211 5 0 3 21 27 
175 4 0 7 24 31 
143 10 7 18 33 36 
129 7 10 23 38 45 
140 14 18 34 51 58 
151 12 19 38 60 74 
133 9 25 49 75 85 
155 8 28 49 81 85 
162 7 29 49 78 80 
157 0 21 40 67 68 
146 0 17 35 60 59 
133 0 7 23 48 49 
129 0 5 18 37 35 
119 0 0 5 23 26 
120 0 0 2 14 23 
108 0 0 6 17 27 
115 6 6 16 27 34 
139 8 10 23 35 42 
155 14 17 32 48 54 
178 12 18 37 57 66 
210 13 24 47 72 86 
205 11 29 50 75 87 
225 11 29 48 72 82 
302 8 22 41 62 68 
1023 18 19 37 56 62 
1023 11 8 24 43 45 
1023 11 6 17 32 32 
1023 14 0 4 17 19 
1023 14 0 5 15 19 
1023 19 0 10 21 25 
1023 21 8 20 32 34 
1023 22 13 27 42 51 
1023 18 18 34 53 62 
1023 22 21 42 65 78 
882 19 28 51 80 87 
726 17 30 50 74 81 
603 15 25 45 66 75 
516 12 20 38 58 61 
450 9 14 30 51 48 
397 8 9 22 39 41 
345 12 2 11 27 23 
316 8 0 2 19 21 
293 9 0 5 20 24 
272 11 4 13 27 28 
233 13 9 21 33 36 
222 15 15 29 44 53 
220 14 18 35 53 58 
218 13 21 43 66 79 
221 13 28 51 75 86 
219 12 30 50 73 79 
212 6 24 43 64 68 
210 6 21 38 57 60 
214 2 12 28 46 47 
210 3 8 22 38 40 
204 4 2 11 22 22 
190 6 0 3 19 21 
