135 0 116 192 220 198 
158 0 28 91 187 179 
167 0 2 35 141 144 
175 0 0 7 103 116 
186 1 0 4 79 104 
195 5 0 9 76 99 
203 9 6 17 71 93 
209 13 11 25 74 95 
215 15 15 32 78 97 
216 13 18 40 88 109 
197 12 27 49 99 112 
202 11 28 49 90 106 
209 4 22 42 79 91 
219 6 18 37 70 81 
224 2 10 27 57 66 
227 4 8 22 53 57 
226 5 1 10 36 39 
223 4 0 2 22 36 
223 6 0 5 23 37 
222 9 3 13 35 40 
232 12 8 19 39 48 
248 14 14 29 50 60 
255 14 16 34 58 68 
238 12 20 43 72 85 
213 12 28 51 80 90 
201 11 29 49 77 90 
172 2 22 42 72 75 
149 1 19 37 65 67 
136 0 10 26 48 53 
130 0 7 21 45 45 
114 0 0 9 25 33 
122 0 0 1 16 26 
127 0 0 5 17 29 
140 4 2 12 25 34 
151 9 8 20 34 42 
145 11 14 28 44 53 
144 11 17 34 53 66 
121 7 20 43 67 79 
106 6 28 50 76 85 
93 1 29 49 74 82 
77 0 23 43 72 73 
68 0 18 37 59 64 
83 0 13 30 50 52 
91 0 7 22 41 49 
121 0 3 14 32 29 
133 0 0 2 20 24 
164 2 0 3 15 25 
181 7 0 9 20 32 
183 10 7 19 30 36 
189 11 12 26 45 47 
183 14 17 33 56 62 
170 11 19 39 64 77 
140 9 27 49 78 83 
114 3 29 50 74 82 
97 0 27 46 74 74 
98 0 20 38 60 64 
113 0 15 32 51 53 
96 0 8 22 45 45 
88 0 4 15 30 36 
88 0 0 3 15 23 
85 0 0 3 17 23 
85 0 0 6 21 27 
89 4 6 16 27 33 
96 3 9 21 38 42 
91 9 17 31 46 53 
96 6 18 35 59 63 
103 5 23 46 69 78 
111 4 28 50 74 81 
106 2 29 49 72 78 
103 0 20 41 62 67 
104 0 17 36 55 58 
107 0 8 24 43 46 
105 0 5 19 34 37 
103 0 0 8 19 25 
104 0 0 1 12 20 
98 0 0 5 14 23 
95 0 3 13 22 32 
96 1 7 19 35 41 
96 5 12 27 44 48 
91 6 16 32 49 56 
83 3 19 39 62 71 
79 2 26 49 72 81 
81 0 28 48 72 78 
83 0 26 46 67 71 
84 0 20 38 63 62 
86 0 14 32 54 51 
83 0 7 22 45 44 
79 0 4 16 28 34 
74 0 0 3 14 21 
71 0 0 2 17 21 
70 0 0 5 15 24 
70 0 5 15 25 31 
60 0 7 20 32 39 
53 3 15 29 44 51 
