136 1 129 209 235 216 
157 0 38 105 199 202 
163 0 15 51 160 167 
177 0 6 26 124 136 
164 0 3 15 94 107 
151 0 0 2 67 86 
162 0 0 2 53 76 
173 1 0 6 54 74 
173 8 5 16 59 73 
182 10 9 22 58 76 
187 14 15 32 72 84 
195 14 16 37 81 98 
195 11 25 48 92 108 
201 9 28 49 86 100 
206 7 26 46 79 90 
205 3 20 39 70 80 
179 0 14 31 63 66 
188 0 7 22 48 55 
195 4 4 14 35 41 
198 4 0 3 26 33 
191 4 0 3 25 33 
181 4 0 9 25 39 
181 10 7 18 34 42 
171 10 11 26 44 53 
146 12 16 33 54 63 
164 11 18 39 66 82 
163 10 27 49 77 92 
141 5 29 50 81 86 
123 1 26 46 70 77 
120 0 19 38 62 68 
116 0 13 31 51 55 
119 0 8 23 42 48 
128 0 2 13 32 32 
141 0 0 1 16 25 
166 2 0 3 16 27 
175 4 0 9 26 33 
156 9 7 18 31 38 
144 9 11 25 45 48 
129 11 16 33 52 58 
118 6 17 38 62 72 
125 8 27 49 75 84 
129 6 28 49 75 82 
156 7 27 46 74 74 
170 3 21 40 66 66 
191 1 15 31 51 53 
184 0 9 23 41 46 
168 1 4 14 32 31 
161 0 0 2 15 24 
161 1 0 3 14 24 
157 4 0 9 24 31 
141 8 7 18 29 36 
119 7 12 25 38 46 
96 9 18 33 54 56 
85 7 17 37 63 69 
74 4 25 47 77 82 
63 0 28 49 73 81 
65 0 28 47 75 76 
65 0 19 39 65 66 
68 0 16 33 53 56 
74 0 7 23 42 46 
77 0 3 17 36 35 
78 0 0 5 17 24 
70 0 0 1 12 21 
61 0 0 4 19 24 
63 0 3 13 28 30 
68 0 7 19 31 38 
67 3 13 28 46 50 
75 4 16 32 55 58 
84 3 20 41 68 73 
95 4 27 49 77 80 
96 1 28 48 76 78 
97 0 24 43 69 69 
104 0 19 37 57 60 
103 0 12 29 46 48 
101 0 7 21 38 41 
93 0 2 12 28 26 
97 0 0 1 17 20 
98 0 0 3 13 22 
102 0 0 9 18 29 
107 4 6 17 27 32 
107 6 11 25 38 43 
115 10 16 33 49 58 
120 6 18 39 61 69 
123 8 26 49 73 80 
121 4 28 49 72 79 
124 3 26 45 66 70 
117 0 20 38 58 62 
114 0 14 31 48 50 
113 0 7 22 39 42 
117 0 3 13 25 25 
124 0 0 1 13 19 
122 0 0 4 13 21 
118 0 0 8 22 28 
115 5 6 17 27 32 
