0 0 78 158 186 177 
0 0 0 65 162 163 
0 0 0 17 128 143 
0 0 0 0 101 128 
0 0 0 0 80 105 
0 0 0 0 66 90 
0 0 0 0 57 83 
0 0 0 0 50 74 
0 0 0 0 45 63 
0 0 0 0 41 58 
0 0 0 0 37 53 
0 0 0 0 35 54 
0 0 0 0 33 47 
0 0 0 0 31 45 
0 0 0 0 29 43 
2 0 0 0 29 45 
15 0 0 0 32 45 
59 0 0 0 30 44 
67 0 0 0 29 43 
77 0 0 0 28 42 
68 0 0 0 22 41 
56 0 0 0 21 40 
56 0 0 0 20 39 
39 0 0 0 24 38 
27 0 0 0 24 37 
26 0 0 0 19 37 
35 0 0 0 23 36 
39 0 0 0 23 36 
34 0 0 0 18 36 
25 0 0 0 22 35 
19 0 0 0 22 35 
10 0 0 0 17 34 
3 0 0 0 17 29 
0 0 0 0 18 28 
0 0 0 0 19 32 
0 0 0 0 19 28 
0 0 0 0 19 28 
0 0 0 0 19 27 
0 0 0 0 19 31 
0 0 0 0 18 27 
0 0 0 0 18 27 
0 0 0 0 18 26 
0 0 0 0 18 30 
0 0 0 0 18 26 
0 0 0 0 18 26 
0 0 0 0 18 26 
0 0 0 0 18 30 
0 0 0 0 18 30 
0 0 0 0 18 26 
0 0 0 0 18 26 
0 0 0 0 18 26 
0 0 0 0 18 30 
0 0 0 0 18 25 
0 0 0 0 18 25 
0 0 0 0 18 25 
0 0 0 0 17 29 
0 0 0 0 17 29 
0 0 0 0 17 28 
0 0 0 0 17 28 
0 0 0 0 17 24 
18 0 0 0 17 30 
34 0 0 0 16 30 
40 0 0 0 16 30 
40 0 0 0 15 30 
45 0 0 0 20 30 
37 0 0 0 19 30 
23 0 0 0 19 30 
13 0 0 0 19 30 
14 0 0 0 15 30 
22 0 0 0 15 30 
21 0 0 0 19 30 
18 0 0 0 14 29 
18 0 0 0 14 29 
14 0 0 0 14 29 
7 0 0 0 14 23 
0 0 0 0 15 27 
0 0 0 0 15 27 
0 0 0 0 16 23 
0 0 0 0 16 23 
3 0 0 0 16 23 
2 0 0 0 16 27 
0 0 0 0 16 23 
0 0 0 0 16 24 
0 0 0 0 16 23 
0 0 0 0 16 23 
0 0 0 0 16 23 
0 0 0 0 16 27 
0 0 0 0 16 23 
0 0 0 0 16 23 
0 0 0 0 16 23 
0 0 0 0 16 27 
0 0 0 0 16 27 
0 0 0 0 16 22 
0 0 0 0 16 22 
0 0 0 0 16 23 
0 0 0 0 16 26 
0 0 0 0 16 23 
0 0 0 0 16 23 
0 0 0 0 16 23 
0 0 0 0 16 27 
0 0 0 0 16 26 
0 0 0 0 16 26 
0 0 0 0 16 22 
0 0 0 0 16 23 
1 0 0 0 16 26 
24 0 0 0 16 28 
40 0 0 0 15 28 
43 0 0 0 19 28 
43 0 0 0 18 28 
41 0 0 0 19 28 
35 0 0 0 18 28 
27 0 0 0 18 28 
23 0 0 0 18 28 
23 0 0 0 18 28 
20 0 0 0 14 28 
26 0 0 0 14 28 
21 0 0 0 18 28 
16 0 0 0 13 28 
8 0 0 0 13 22 
4 0 0 0 14 25 
1 0 0 0 14 21 
0 0 0 0 15 21 
0 0 0 0 15 21 
0 0 0 0 15 25 
0 0 0 0 15 25 
0 0 0 0 15 25 
0 0 0 0 15 21 
0 0 0 0 15 22 
0 0 0 0 15 25 
0 0 0 0 16 21 
0 0 0 0 16 26 
0 0 0 0 16 22 
0 0 0 0 16 22 
0 0 0 0 16 21 
0 0 0 0 15 22 
0 0 0 0 15 21 
0 0 0 0 15 21 
0 0 0 0 15 21 
0 0 0 0 15 25 
0 0 0 0 15 25 
0 0 0 0 15 21 
0 0 0 0 15 21 
0 0 0 0 15 21 
0 0 0 0 15 21 
0 0 0 0 15 22 
0 0 0 0 15 22 
0 0 0 0 16 22 
0 0 0 0 15 26 
0 0 0 0 15 22 
0 0 0 0 15 25 
0 0 0 0 16 22 
0 0 0 0 15 21 
0 0 0 0 15 25 
0 0 0 0 15 25 
0 0 0 0 15 21 
0 0 0 0 15 21 
0 0 0 0 15 21 
0 0 0 0 15 21 
0 0 0 0 15 21 
0 0 0 0 15 25 
0 0 0 0 16 22 
0 0 0 0 16 22 
0 0 0 0 16 22 
0 0 0 0 15 22 
0 0 0 0 16 22 
0 0 0 0 16 22 
0 0 0 0 15 21 
0 0 0 0 15 25 
0 0 0 0 15 25 
0 0 0 0 15 21 
0 0 0 0 15 21 
0 0 0 0 15 21 
0 0 0 0 15 24 
0 0 0 0 15 21 
0 0 0 0 15 21 
0 0 0 0 15 21 
0 0 0 0 15 25 
0 0 0 0 15 25 
0 0 0 0 16 25 
0 0 0 0 15 21 
0 0 0 0 15 21 
0 0 0 0 15 21 
0 0 0 0 15 25 
0 0 0 0 15 21 
0 0 0 0 15 20 
0 0 0 0 15 20 
0 0 0 0 15 24 
0 0 0 0 15 20 
0 0 0 0 15 25 
