113 0 112 186 229 217 
123 0 38 100 197 206 
137 1 15 54 160 178 
153 2 10 35 136 158 
174 0 0 9 100 119 
178 0 0 1 74 96 
184 1 0 4 59 85 
190 0 0 8 60 79 
200 0 0 9 52 74 
212 0 0 11 49 67 
211 0 0 8 50 67 
204 0 0 9 47 70 
231 1 15 26 59 78 
252 8 20 34 72 83 
264 0 1 22 67 79 
273 5 0 18 61 74 
281 7 0 16 51 67 
284 8 4 19 51 66 
297 11 6 20 49 60 
303 0 0 11 36 44 
309 0 0 3 26 36 
317 0 0 4 30 38 
310 4 0 10 29 36 
351 0 0 11 32 40 
372 0 0 12 36 40 
372 2 0 8 34 45 
399 8 11 20 41 53 
425 14 21 32 55 67 
410 9 13 31 58 68 
389 15 4 22 53 64 
368 0 6 22 54 62 
352 13 4 21 50 58 
326 10 7 22 47 56 
298 8 0 15 39 46 
281 0 0 6 26 36 
257 0 0 4 25 31 
238 0 0 3 25 33 
221 8 0 8 24 35 
206 0 0 9 26 37 
192 0 0 7 30 38 
175 0 0 6 30 38 
167 18 9 20 43 50 
165 11 15 30 52 63 
176 3 7 25 56 62 
201 0 3 21 48 60 
207 6 7 22 46 56 
217 6 10 24 46 54 
244 9 4 21 45 53 
267 0 0 11 38 40 
288 0 0 4 22 30 
308 0 0 3 18 28 
308 14 2 13 23 27 
322 3 0 9 25 34 
324 0 0 9 25 36 
332 7 0 9 29 37 
331 0 0 6 29 39 
340 4 2 16 36 50 
318 18 11 26 47 59 
340 15 0 18 49 55 
341 6 2 18 43 54 
342 6 5 20 41 52 
343 0 2 18 40 51 
341 16 3 19 43 48 
351 3 0 9 32 37 
