25 0 97 172 188 176 
27 0 19 79 164 156 
28 0 1 37 131 140 
30 0 0 19 107 124 
28 0 0 11 88 109 
30 0 0 8 73 100 
29 0 0 7 68 93 
28 2 1 16 68 99 
31 0 11 25 73 97 
33 0 12 26 71 90 
34 0 3 21 64 83 
36 0 4 20 63 78 
35 0 5 21 56 74 
49 0 7 22 53 70 
55 0 0 10 40 53 
85 0 0 2 32 42 
130 0 0 0 27 38 
141 0 0 8 26 40 
186 0 0 11 30 37 
290 6 0 11 31 39 
443 8 0 11 31 41 
561 6 0 10 37 46 
677 20 14 25 48 65 
793 13 12 29 60 71 
907 7 7 24 53 66 
1023 17 4 21 48 61 
1023 7 6 22 48 60 
1023 8 8 23 47 58 
1023 11 6 22 43 50 
1023 5 0 10 30 33 
1023 8 0 6 22 31 
1023 4 0 9 24 34 
1023 9 0 12 27 33 
1023 0 0 9 27 39 
1023 4 0 7 26 39 
1023 6 0 8 26 41 
1023 23 9 22 41 52 
1023 3 13 29 52 63 
1023 11 6 25 51 60 
1023 7 4 22 48 58 
1023 9 7 22 45 55 
1023 19 9 24 46 54 
1023 8 8 23 45 52 
1023 0 0 11 30 35 
1023 5 0 4 19 28 
1023 10 0 11 21 26 
1023 0 0 13 26 30 
1023 14 0 11 26 31 
1023 10 0 7 25 32 
908 12 0 6 23 32 
814 26 4 17 37 48 
726 13 14 28 49 60 
727 8 12 27 50 59 
680 0 9 24 47 57 
644 11 6 22 48 53 
564 5 7 21 48 53 
478 5 8 21 46 51 
398 0 0 10 28 34 
