78 0 103 173 200 180 
91 0 30 89 176 173 
100 0 3 41 143 154 
106 0 0 22 119 143 
102 7 9 26 113 139 
103 3 11 28 104 129 
113 0 5 22 90 115 
116 1 6 22 80 102 
115 0 8 23 74 95 
110 2 3 20 67 88 
111 0 0 13 56 72 
112 0 0 0 43 57 
115 0 0 0 33 48 
114 0 0 4 35 48 
120 0 0 7 33 49 
121 0 0 9 34 50 
107 0 0 8 33 49 
123 0 0 6 32 49 
135 9 14 24 48 61 
158 8 22 34 65 74 
194 0 10 28 59 71 
196 0 5 23 55 69 
180 0 5 21 51 64 
162 3 1 18 53 62 
158 5 10 24 53 60 
160 0 0 12 40 42 
163 0 0 4 26 35 
179 0 0 8 29 35 
196 0 0 10 27 34 
195 0 0 8 32 40 
202 0 0 8 27 41 
204 0 0 5 26 40 
208 3 0 7 28 46 
189 0 11 22 43 55 
197 12 9 25 51 62 
195 5 2 21 49 61 
182 8 1 18 45 58 
163 7 4 19 47 56 
144 4 6 21 43 55 
131 0 7 22 47 51 
109 0 0 8 28 39 
94 0 0 2 18 29 
84 0 0 5 19 30 
73 0 0 8 26 33 
65 0 0 5 27 34 
57 0 0 6 27 35 
51 0 0 6 28 36 
49 0 0 7 30 42 
48 1 8 20 39 57 
46 10 13 28 49 60 
50 0 4 22 47 59 
46 0 5 20 48 56 
47 0 4 20 47 54 
49 0 8 22 42 53 
49 0 7 22 42 52 
51 0 0 12 30 41 
50 0 0 4 20 29 
52 0 0 5 17 27 
55 0 0 9 25 31 
61 0 0 9 27 33 
64 0 0 8 23 34 
64 0 0 6 23 35 
68 0 0 4 22 35 
62 5 8 18 40 51 
69 6 19 31 48 59 
77 2 9 27 54 60 
