192 8 114 187 211 196 
209 17 40 102 190 185 
230 0 16 55 154 170 
240 0 8 33 127 146 
248 8 6 25 106 127 
252 0 0 10 77 95 
229 0 0 0 55 77 
234 1 0 5 54 71 
232 12 0 5 50 63 
238 4 0 7 48 64 
241 0 0 5 40 60 
242 0 0 7 38 57 
250 0 0 11 43 61 
259 12 10 24 55 73 
283 19 17 31 66 76 
324 5 0 20 61 72 
282 9 7 21 53 68 
263 0 3 19 54 65 
249 7 7 21 48 63 
282 13 5 21 44 54 
354 5 0 5 35 42 
467 0 0 1 21 33 
580 1 0 6 22 35 
652 12 0 9 26 38 
702 12 0 10 27 34 
770 7 0 10 33 37 
811 4 0 10 29 36 
804 13 10 22 42 56 
825 22 12 29 53 64 
790 1 6 24 53 65 
788 11 2 20 48 59 
775 12 0 17 49 56 
745 12 4 19 48 54 
722 18 3 18 43 51 
691 0 0 10 32 38 
627 0 0 0 19 29 
560 6 0 3 17 27 
506 7 2 11 21 27 
468 6 0 10 28 30 
445 5 0 10 25 32 
421 5 0 11 30 33 
354 1 0 10 27 39 
289 10 9 22 41 53 
232 21 12 27 50 64 
186 5 8 24 48 59 
165 1 5 21 49 55 
149 2 7 21 44 54 
145 6 6 21 43 53 
144 1 6 21 41 50 
137 0 0 8 31 38 
129 0 0 4 17 26 
126 0 0 6 18 28 
123 3 3 13 27 28 
107 0 0 12 24 29 
107 0 0 8 25 34 
105 0 0 9 25 36 
106 0 7 18 33 44 
108 0 16 29 46 57 
