150 0 99 170 179 166 
168 0 28 88 168 163 
180 0 2 40 134 143 
181 0 9 31 119 139 
168 10 13 31 112 139 
175 0 9 27 103 124 
179 14 0 18 89 108 
187 4 0 16 74 97 
185 5 4 19 67 89 
188 8 8 22 63 82 
188 0 0 12 50 64 
191 0 0 2 40 52 
192 0 0 3 34 47 
203 10 0 8 32 44 
209 6 0 8 33 48 
219 0 0 7 37 48 
217 0 0 6 36 47 
247 0 0 6 30 49 
330 11 7 19 45 59 
442 12 18 30 56 70 
569 7 9 26 59 68 
700 15 4 21 50 63 
832 12 6 22 49 61 
936 9 6 21 53 60 
984 16 7 22 46 57 
1023 15 0 9 32 39 
1023 7 0 0 20 30 
1019 0 0 8 22 33 
1022 5 0 11 25 31 
1023 7 0 8 26 37 
1023 1 0 10 27 35 
1009 0 0 8 26 39 
947 14 13 22 39 50 
901 20 13 29 51 62 
852 12 14 30 54 63 
792 10 0 21 49 59 
722 5 1 18 49 56 
705 14 0 16 42 52 
690 12 5 20 42 50 
616 3 0 10 32 38 
601 0 0 5 21 29 
662 4 0 5 18 27 
682 11 3 13 22 25 
652 5 0 13 26 30 
598 4 0 12 26 32 
613 6 0 12 27 33 
730 9 0 11 34 39 
891 11 10 23 47 53 
1023 26 9 26 50 61 
1023 14 4 22 48 57 
1023 16 4 21 46 54 
1023 10 5 21 44 52 
1023 18 6 22 44 51 
1023 9 5 21 41 46 
1012 12 0 8 25 30 
820 9 0 5 17 26 
648 15 2 13 26 25 
507 8 4 15 26 29 
400 12 0 11 25 29 
315 3 0 8 30 35 
247 0 0 5 23 35 
