245 0 116 188 213 198 
236 13 39 102 192 188 
254 6 16 55 159 168 
258 9 10 35 132 147 
278 9 11 29 113 129 
293 0 0 14 83 103 
307 2 0 5 60 82 
316 0 0 4 54 72 
322 2 0 4 46 67 
321 0 0 10 50 61 
322 11 0 11 44 57 
300 1 0 8 42 59 
268 5 0 9 41 61 
268 13 9 22 58 70 
293 11 14 29 67 77 
311 7 6 24 59 73 
299 0 2 19 54 70 
322 0 3 20 55 66 
330 5 5 20 53 63 
307 9 8 22 48 62 
285 1 0 9 34 48 
262 0 0 3 23 35 
223 0 0 6 22 35 
213 2 0 9 29 37 
201 2 0 10 28 36 
196 0 0 10 28 37 
206 0 0 10 28 38 
206 0 0 11 32 45 
239 16 4 19 43 56 
246 12 13 27 52 67 
254 1 13 28 57 62 
246 12 9 25 54 59 
240 6 4 21 47 57 
220 0 10 24 46 56 
211 6 6 22 45 52 
206 0 0 10 29 36 
185 0 0 2 19 29 
172 7 1 10 27 29 
153 0 0 11 25 32 
135 0 0 11 30 34 
119 0 0 9 30 38 
103 0 0 8 25 38 
94 0 6 17 35 47 
93 7 19 30 49 60 
112 6 13 30 53 62 
126 0 5 22 53 60 
151 2 3 20 45 57 
149 2 3 19 42 54 
142 0 4 20 41 53 
166 0 6 20 43 46 
182 0 0 7 24 34 
195 0 0 3 21 27 
203 0 0 8 19 29 
209 1 1 13 24 29 
217 0 0 11 25 31 
224 0 0 10 29 31 
222 0 0 9 26 36 
