164 1 108 184 211 197 
181 0 37 98 185 189 
172 3 15 54 158 170 
174 4 9 33 131 144 
180 0 0 15 93 112 
191 0 0 0 70 90 
196 1 0 5 61 81 
205 0 3 13 55 73 
206 0 0 9 50 72 
205 0 0 9 47 67 
207 0 0 9 44 64 
206 0 4 16 50 69 
213 9 10 25 59 78 
213 9 5 24 62 80 
200 0 3 21 57 73 
220 11 2 19 53 67 
234 0 7 21 57 66 
227 5 8 22 55 65 
208 0 4 20 46 56 
230 0 0 11 37 41 
255 0 0 3 28 36 
308 0 0 7 26 38 
391 2 0 11 28 37 
458 10 0 12 34 37 
538 3 0 9 33 41 
582 5 0 8 29 42 
594 14 11 21 46 57 
664 19 16 30 54 66 
708 12 10 27 53 69 
752 11 6 24 55 62 
791 13 8 23 49 58 
810 15 4 21 46 55 
784 13 8 23 46 55 
775 0 0 12 38 40 
734 7 0 1 26 31 
671 5 0 0 21 29 
600 0 0 6 20 31 
517 5 0 8 27 34 
443 11 0 8 23 35 
375 3 0 9 29 36 
320 0 0 6 24 40 
287 10 4 18 38 50 
252 16 10 24 47 62 
203 2 5 22 47 58 
172 0 0 16 47 53 
154 7 2 17 41 52 
144 3 5 20 41 50 
145 9 5 20 41 50 
143 0 0 8 27 38 
130 0 0 0 19 25 
133 0 0 2 20 26 
145 2 0 7 19 29 
154 0 0 8 26 31 
153 0 0 8 27 33 
153 0 0 9 28 35 
148 0 0 11 27 38 
150 13 11 24 42 52 
155 19 14 29 51 59 
