51 0 79 162 207 200 
61 0 0 66 177 181 
67 0 0 17 142 158 
74 0 0 0 108 135 
75 0 0 0 90 119 
64 0 0 0 69 103 
70 0 0 0 59 91 
74 0 0 0 50 81 
75 0 0 0 49 73 
76 0 0 0 41 67 
80 0 0 0 38 62 
69 0 0 0 41 59 
71 0 0 0 40 57 
77 0 0 3 40 56 
83 0 0 4 40 54 
89 0 0 10 37 55 
97 0 1 14 43 52 
97 0 5 17 45 53 
108 0 9 21 42 54 
126 3 14 26 46 54 
135 0 10 25 48 55 
131 0 10 25 48 55 
155 0 9 23 48 57 
166 0 5 21 50 56 
153 0 0 16 42 54 
137 0 0 14 44 50 
136 0 0 15 44 49 
128 0 4 17 44 49 
122 2 12 23 42 49 
122 22 27 35 48 52 
111 33 38 45 54 56 
100 76 68 66 67 65 
102 81 80 80 79 73 
101 67 76 82 85 80 
93 63 72 80 88 83 
72 61 69 78 89 86 
54 79 79 84 92 90 
42 65 74 82 93 91 
31 52 64 76 90 90 
23 43 55 67 85 87 
15 31 45 60 80 84 
14 41 48 58 77 81 
13 29 42 54 74 79 
12 17 32 47 69 75 
13 9 24 40 64 71 
20 9 22 35 60 67 
23 0 15 30 55 63 
28 0 8 25 51 61 
32 0 3 19 50 58 
38 0 1 16 42 55 
40 0 0 13 37 51 
42 0 0 11 40 48 
33 0 0 7 36 49 
30 0 0 6 29 46 
35 0 0 6 33 45 
40 0 0 5 27 43 
44 0 0 3 25 41 
47 0 0 1 28 39 
49 0 0 0 27 38 
51 0 0 1 27 37 
54 0 0 1 22 38 
57 0 0 1 26 37 
57 0 0 0 26 37 
57 0 0 2 27 37 
46 0 0 1 22 37 
48 0 0 2 22 37 
