49 0 89 168 196 181 
62 0 11 77 170 168 
69 0 0 28 136 149 
74 0 0 9 109 131 
64 0 0 1 86 116 
69 0 0 0 75 102 
70 0 0 0 60 90 
68 0 0 0 53 81 
70 0 0 0 48 74 
73 0 0 0 47 68 
75 0 0 0 43 63 
78 0 0 0 36 59 
84 0 0 1 34 56 
85 0 0 3 38 54 
92 0 0 3 33 52 
104 0 0 6 33 51 
102 0 0 10 34 47 
128 0 0 11 39 45 
149 0 0 11 36 46 
171 0 0 11 40 47 
176 0 0 10 39 47 
180 0 0 8 33 49 
179 0 0 6 36 49 
183 0 0 4 29 47 
183 0 0 4 28 46 
177 0 0 2 31 44 
168 0 0 1 25 42 
155 0 0 1 29 41 
158 0 0 0 27 40 
158 0 0 0 27 39 
150 0 0 0 26 38 
145 0 0 1 22 37 
144 0 0 4 23 38 
139 0 0 11 31 36 
149 20 22 28 35 44 
144 46 45 46 47 50 
137 48 53 57 58 55 
123 33 46 57 63 60 
105 30 42 54 64 63 
81 26 38 50 64 64 
63 31 40 51 64 65 
60 13 29 44 62 64 
59 2 19 36 56 61 
58 3 16 31 53 58 
62 0 13 28 49 55 
64 0 6 23 46 54 
62 0 0 15 45 51 
61 0 0 12 36 48 
63 0 0 12 38 45 
66 0 0 14 37 44 
61 0 0 14 33 44 
50 0 0 12 32 46 
57 0 0 8 34 44 
61 0 0 4 31 42 
62 0 0 1 24 40 
66 0 0 0 22 38 
66 0 0 0 21 36 
68 0 0 0 20 35 
67 0 0 0 24 34 
