34 0 84 164 187 176 
33 0 4 72 170 164 
43 0 0 22 137 145 
46 0 0 3 104 131 
49 0 0 0 87 113 
50 0 0 0 67 98 
52 0 0 0 57 86 
55 0 0 0 53 77 
59 0 0 0 48 70 
60 0 0 0 40 64 
60 0 0 0 37 59 
60 0 0 0 33 55 
57 0 0 0 36 53 
46 0 0 0 29 50 
48 0 0 0 27 48 
56 0 0 0 27 46 
59 0 0 0 30 45 
72 0 0 0 27 45 
82 0 0 3 27 45 
83 0 0 6 33 45 
94 0 0 6 29 45 
118 0 0 10 30 42 
124 0 0 8 34 46 
139 0 0 6 33 45 
137 0 0 5 32 44 
136 0 0 4 31 43 
142 0 0 3 26 42 
142 0 0 1 24 40 
139 0 0 1 28 39 
131 0 0 0 27 39 
127 0 0 0 22 38 
122 0 0 1 21 37 
124 0 0 2 22 38 
119 0 6 15 29 37 
114 12 19 27 35 40 
114 20 27 35 43 44 
93 19 30 40 49 49 
71 31 38 46 54 53 
59 36 42 50 63 57 
50 30 40 50 60 59 
41 49 52 58 65 63 
36 37 48 58 67 65 
31 37 48 58 68 67 
27 52 57 64 72 70 
27 58 62 68 75 73 
27 36 51 63 75 74 
27 22 39 54 71 73 
27 7 25 43 69 70 
18 0 14 32 57 65 
22 0 4 23 55 61 
24 0 1 17 43 56 
28 0 0 12 37 51 
30 0 0 10 34 50 
31 0 0 8 35 47 
35 0 0 6 32 44 
39 0 0 4 30 42 
43 0 0 1 28 40 
45 0 0 0 26 38 
50 0 0 0 21 36 
50 0 0 1 21 36 
