37 0 85 166 190 178 
39 0 7 74 167 165 
37 0 0 25 138 147 
45 0 0 4 110 132 
49 0 0 0 89 115 
52 0 0 0 69 99 
55 0 0 0 63 88 
55 0 0 0 55 79 
57 0 0 0 49 71 
59 0 0 0 44 65 
61 0 0 0 41 60 
60 0 0 0 33 56 
62 0 0 0 31 53 
59 0 0 0 34 51 
59 0 0 0 35 49 
74 0 0 8 33 50 
75 0 0 12 35 47 
82 0 3 16 42 53 
89 17 22 30 48 51 
89 12 23 33 53 54 
93 35 38 44 56 58 
85 59 57 59 65 64 
85 56 61 66 72 70 
82 56 62 69 77 74 
80 79 77 80 83 80 
61 61 70 78 85 83 
50 45 59 71 84 84 
39 39 52 65 86 83 
29 30 44 58 81 81 
23 41 48 58 75 79 
19 20 36 51 76 77 
17 19 32 46 68 74 
14 13 27 41 64 71 
10 0 17 33 58 66 
12 0 12 28 53 62 
13 0 7 23 54 60 
10 0 8 22 46 56 
4 0 4 19 42 57 
6 0 0 14 38 54 
10 0 0 10 34 46 
11 0 0 11 33 48 
13 0 0 9 35 46 
13 0 0 6 33 44 
14 0 0 4 27 43 
16 0 0 2 24 41 
19 0 0 1 28 40 
24 0 0 0 22 39 
28 0 0 0 22 38 
25 0 0 0 25 36 
26 0 0 0 20 36 
30 0 0 0 20 35 
34 0 0 0 20 35 
37 0 0 0 24 35 
40 0 0 0 19 34 
42 0 0 0 18 33 
44 0 0 0 17 32 
44 0 0 0 17 32 
47 0 0 0 21 31 
47 0 0 0 21 32 
47 0 0 0 22 32 
38 0 0 0 18 32 
33 0 0 0 22 32 
38 0 0 0 18 32 
41 0 0 0 23 32 
44 0 0 0 18 32 
47 0 0 0 22 32 
47 0 0 0 22 31 
46 0 0 0 17 31 
46 0 0 0 17 31 
48 0 0 0 16 30 
50 0 0 0 16 30 
52 0 0 0 17 31 
39 0 0 0 22 31 
41 0 0 0 21 30 
44 0 0 0 17 30 
49 0 0 0 22 31 
50 0 0 0 17 31 
49 0 0 0 22 31 
49 0 0 0 21 31 
