29 0 89 169 196 181 
39 0 12 78 170 168 
43 0 0 29 141 149 
48 0 0 9 109 131 
51 0 0 0 91 117 
51 0 0 0 75 101 
45 0 0 0 63 89 
45 0 0 0 56 79 
46 0 0 0 45 71 
49 0 0 0 45 66 
51 0 0 0 42 61 
53 0 0 0 39 57 
52 0 0 0 32 54 
53 0 0 0 35 52 
52 0 0 0 30 49 
54 0 0 0 28 48 
53 0 0 0 31 46 
54 0 0 0 26 45 
50 0 0 2 27 45 
51 0 0 1 31 44 
65 0 0 2 31 44 
85 0 0 5 32 43 
89 0 0 6 32 43 
96 0 0 6 27 43 
124 0 0 5 27 43 
127 0 0 6 27 43 
124 0 0 4 31 43 
134 0 0 3 30 42 
136 0 0 1 29 41 
140 0 0 0 23 40 
120 0 0 0 22 39 
126 0 0 0 21 38 
124 0 0 0 21 37 
131 0 0 0 25 37 
130 0 0 0 25 36 
129 0 0 3 22 36 
126 0 0 5 23 37 
117 3 9 17 29 36 
100 0 11 23 33 38 
80 0 12 25 38 41 
68 5 16 28 41 44 
58 7 18 30 44 46 
53 3 16 29 46 48 
50 0 13 27 45 49 
47 0 10 25 49 49 
41 0 5 21 42 49 
36 0 8 21 45 53 
35 0 6 20 39 48 
34 0 3 18 37 46 
31 0 0 15 35 48 
31 0 0 12 32 46 
32 0 0 10 35 41 
32 0 0 11 33 39 
27 0 0 11 34 39 
18 0 0 11 29 39 
22 0 0 8 27 42 
26 0 0 6 26 41 
33 0 0 3 29 39 
29 0 0 5 29 38 
30 0 0 2 23 38 
24 0 0 1 22 37 
20 0 0 0 20 35 
30 0 0 0 20 35 
36 0 0 0 19 33 
40 0 0 0 18 33 
33 0 0 0 22 32 
38 0 0 0 16 31 
39 0 0 0 20 31 
43 0 0 0 20 31 
38 0 0 0 16 30 
39 0 0 0 20 30 
44 0 0 0 17 31 
47 0 0 0 22 31 
