0 0 80 160 206 202 
0 0 0 65 175 182 
0 0 0 17 137 157 
0 0 0 0 108 140 
0 0 0 0 86 115 
0 0 0 0 72 99 
0 0 0 0 62 87 
0 0 0 0 55 81 
0 0 0 0 49 69 
0 0 0 0 44 67 
0 0 0 0 41 59 
0 0 0 0 38 54 
0 0 0 0 36 51 
0 0 0 0 34 49 
0 0 0 0 32 47 
0 0 0 0 31 45 
0 0 0 0 30 43 
0 0 0 0 29 46 
0 0 0 0 28 44 
0 0 0 0 28 40 
0 0 0 0 27 39 
0 0 0 0 26 37 
0 0 0 0 26 37 
0 0 0 0 25 36 
0 0 0 0 25 35 
0 0 0 0 24 34 
0 0 0 0 24 38 
0 0 0 0 23 37 
0 0 0 0 23 37 
0 0 0 0 23 32 
4 0 0 0 22 32 
29 0 0 0 27 38 
37 0 0 0 25 38 
48 0 0 0 20 38 
56 0 0 0 20 37 
73 0 0 0 24 37 
74 0 0 0 19 36 
54 0 0 0 19 36 
61 0 0 0 23 36 
48 0 0 0 18 35 
41 0 0 0 22 35 
36 0 0 0 18 34 
30 0 0 0 18 34 
28 0 0 0 17 34 
25 0 0 0 22 34 
29 0 0 0 22 33 
36 0 0 0 17 34 
48 0 0 0 17 33 
55 0 0 0 21 34 
42 0 0 0 17 33 
33 0 0 0 22 33 
20 0 0 0 17 33 
11 0 0 0 21 33 
3 0 0 0 17 27 
0 0 0 0 18 30 
0 0 0 0 18 26 
0 0 0 0 18 26 
0 0 0 0 18 25 
0 0 0 0 18 30 
0 0 0 0 18 26 
0 0 0 0 19 26 
0 0 0 0 18 26 
0 0 0 0 18 30 
0 0 0 0 18 30 
0 0 0 0 18 26 
0 0 0 0 18 25 
0 0 0 0 18 26 
0 0 0 0 18 30 
0 0 0 0 19 26 
0 0 0 0 18 26 
0 0 0 0 18 26 
0 0 0 0 18 29 
0 0 0 0 18 29 
0 0 0 0 18 25 
0 0 0 0 18 25 
0 0 0 0 18 25 
0 0 0 0 18 29 
0 0 0 0 18 25 
0 0 0 0 18 25 
0 0 0 0 18 25 
0 0 0 0 18 25 
0 0 0 0 18 29 
0 0 0 0 18 25 
0 0 0 0 18 29 
29 0 0 0 23 31 
46 0 0 0 17 31 
42 0 0 0 16 31 
39 0 0 0 20 31 
32 0 0 0 15 30 
26 0 0 0 15 30 
44 0 0 0 15 30 
42 0 0 0 15 29 
55 0 0 0 19 30 
63 0 0 0 19 30 
58 0 0 0 15 29 
54 0 0 0 15 30 
44 0 0 0 15 30 
35 0 0 0 19 30 
36 0 0 0 15 30 
32 0 0 0 15 30 
25 0 0 0 19 30 
19 0 0 0 19 30 
12 0 0 0 15 29 
4 0 0 0 14 24 
0 0 0 0 15 23 
0 0 0 0 16 23 
0 0 0 0 16 23 
0 0 0 0 16 23 
0 0 0 0 16 27 
0 0 0 0 16 23 
0 0 0 0 16 23 
0 0 0 0 16 23 
0 0 0 0 17 27 
0 0 0 0 17 24 
0 0 0 0 17 27 
0 0 0 0 17 24 
0 0 0 0 17 24 
0 0 0 0 17 24 
0 0 0 0 17 28 
0 0 0 0 17 23 
0 0 0 0 17 23 
0 0 0 0 17 23 
0 0 0 0 16 27 
0 0 0 0 16 23 
0 0 0 0 16 27 
0 0 0 0 16 23 
0 0 0 0 16 23 
0 0 0 0 16 23 
0 0 0 0 17 26 
0 0 0 0 16 23 
0 0 0 0 17 23 
0 0 0 0 17 23 
7 0 0 0 17 27 
21 0 0 0 21 29 
38 0 0 0 16 29 
52 0 0 0 15 29 
40 0 0 0 15 29 
29 0 0 0 18 29 
18 0 0 0 14 28 
20 0 0 0 14 28 
20 0 0 0 14 28 
18 0 0 0 14 28 
30 0 0 0 14 28 
29 0 0 0 18 28 
36 0 0 0 14 29 
65 0 0 0 18 29 
50 0 0 0 14 29 
41 0 0 0 18 28 
34 0 0 0 14 28 
27 0 0 0 18 28 
15 0 0 0 18 28 
5 0 0 0 13 22 
0 0 0 0 15 26 
0 0 0 0 15 22 
0 0 0 0 15 21 
0 0 0 0 16 22 
0 0 0 0 15 21 
0 0 0 0 16 26 
0 0 0 0 16 22 
0 0 0 0 16 22 
0 0 0 0 16 22 
0 0 0 0 16 26 
0 0 0 0 16 22 
0 0 0 0 16 23 
0 0 0 0 16 22 
0 0 0 0 16 26 
0 0 0 0 16 27 
0 0 0 0 16 22 
0 0 0 0 16 22 
0 0 0 0 16 22 
0 0 0 0 16 26 
0 0 0 0 16 26 
0 0 0 0 16 26 
0 0 0 0 16 22 
0 0 0 0 15 22 
0 0 0 0 16 26 
0 0 0 0 16 22 
0 0 0 0 16 26 
0 0 0 0 16 22 
0 0 0 0 16 22 
0 0 0 0 16 22 
0 0 0 0 16 22 
0 0 0 0 16 22 
0 0 0 0 16 22 
0 0 0 0 16 21 
0 0 0 0 16 26 
0 0 0 0 16 25 
0 0 0 0 15 22 
0 0 0 0 16 22 
0 0 0 0 16 22 
0 0 0 0 16 22 
0 0 0 0 16 22 
0 0 0 0 16 22 
0 0 0 0 16 22 
0 0 0 0 16 26 
0 0 0 0 16 22 
0 0 0 0 16 26 
0 0 0 0 16 22 
0 0 0 0 16 22 
0 0 0 0 16 22 
0 0 0 0 16 26 
0 0 0 0 15 22 
0 0 0 0 16 21 
0 0 0 0 16 21 
0 0 0 0 15 25 
0 0 0 0 15 21 
0 0 0 0 15 25 
0 0 0 0 16 22 
0 0 0 0 16 22 
0 0 0 0 16 22 
0 0 0 0 16 22 
0 0 0 0 16 22 
0 0 0 0 16 22 
0 0 0 0 16 21 
0 0 0 0 16 26 
0 0 0 0 16 26 
0 0 0 0 15 22 
0 0 0 0 16 22 
0 0 0 0 16 21 
0 0 0 0 16 25 
0 0 0 0 16 21 
0 0 0 0 15 21 
0 0 0 0 15 21 
0 0 0 0 15 25 
0 0 0 0 16 25 
0 0 0 0 16 25 
0 0 0 0 16 21 
0 0 0 0 16 22 
0 0 0 0 16 26 
0 0 0 0 16 25 
0 0 0 0 16 21 
