0 45 151 208 231 211 
0 45 92 139 219 210 
0 45 71 101 191 196 
0 45 64 83 167 185 
0 45 62 76 148 170 
0 45 62 73 134 157 
0 45 63 72 124 146 
0 45 63 72 117 138 
0 45 63 72 112 132 
0 45 63 72 108 126 
0 45 63 72 104 122 
0 45 62 72 101 118 
0 44 62 72 99 110 
0 44 62 72 97 106 
0 44 62 71 96 104 
0 44 61 71 95 102 
29 51 62 71 99 101 
99 58 63 72 98 100 
180 69 64 72 98 103 
188 70 64 72 97 102 
171 68 65 73 93 102 
157 67 65 73 93 102 
132 64 65 74 92 97 
106 60 65 74 92 96 
93 59 65 74 92 97 
71 57 64 74 92 96 
56 55 64 73 92 95 
64 56 63 73 91 94 
46 53 63 73 90 94 
37 52 63 72 90 93 
25 51 63 72 89 92 
14 50 63 72 89 92 
4 49 62 71 87 91 
0 48 63 72 88 91 
0 48 63 72 88 90 
0 48 63 72 88 91 
0 47 63 72 88 91 
0 47 63 73 88 91 
0 47 63 73 88 91 
0 46 63 72 88 91 
0 46 62 72 88 90 
0 45 62 72 87 90 
0 45 62 71 87 89 
0 45 62 71 86 88 
0 45 61 71 86 88 
0 44 61 71 86 88 
0 44 61 70 85 87 
0 44 61 71 85 87 
0 44 61 71 85 87 
0 44 61 71 85 87 
0 45 61 71 85 87 
0 45 62 71 85 87 
0 45 62 71 85 87 
0 44 61 71 86 87 
0 44 62 71 86 87 
0 44 61 71 86 87 
0 44 61 71 85 87 
