0 45 149 206 224 200 
0 45 92 138 211 201 
0 44 71 101 186 190 
0 45 64 82 163 179 
0 44 62 75 144 165 
0 45 62 72 130 152 
0 45 62 72 121 143 
0 45 62 71 114 135 
0 45 62 71 109 128 
0 46 62 71 104 123 
0 45 63 72 102 119 
0 45 62 72 99 110 
0 44 62 72 98 107 
0 45 62 71 97 105 
20 49 62 71 95 102 
105 59 63 72 94 101 
148 64 63 72 94 99 
202 72 64 72 93 102 
169 67 63 72 93 102 
146 65 64 72 92 101 
131 63 64 73 92 96 
101 60 64 73 91 99 
95 60 64 74 91 96 
78 58 64 74 95 95 
78 58 64 74 95 95 
68 56 64 74 95 95 
64 56 64 73 90 94 
45 54 63 73 89 93 
31 51 63 72 89 92 
17 50 63 72 88 92 
20 50 62 72 87 90 
11 49 62 72 87 90 
9 49 62 71 87 89 
2 48 62 72 87 89 
0 47 62 71 87 89 
0 48 62 71 86 88 
0 47 63 72 87 89 
0 47 62 72 87 89 
0 47 63 72 87 89 
0 46 63 72 87 89 
0 46 63 72 87 89 
0 45 62 72 87 89 
0 45 62 71 86 88 
0 44 61 71 86 87 
0 45 61 71 85 87 
0 45 61 70 85 86 
0 44 61 70 84 86 
0 44 61 70 84 85 
0 44 61 70 84 86 
0 44 61 70 84 86 
0 44 61 71 84 86 
0 44 61 71 84 86 
