0 44 148 205 220 196 
0 44 91 138 210 198 
0 45 71 101 185 188 
0 45 64 83 163 179 
0 45 62 75 144 165 
0 45 62 72 131 153 
0 44 62 71 121 143 
0 44 61 71 113 134 
0 44 61 71 108 127 
0 44 61 70 103 122 
0 44 61 70 100 117 
0 43 61 70 96 107 
0 46 61 70 96 105 
34 50 61 70 95 103 
96 57 62 71 94 101 
107 59 62 72 93 103 
122 62 63 72 93 103 
115 61 63 73 93 98 
123 62 63 73 92 97 
106 60 63 72 91 100 
90 58 63 73 91 96 
92 58 63 72 91 95 
80 56 63 72 90 94 
71 55 62 72 89 93 
64 54 62 71 88 92 
50 53 62 71 88 92 
42 52 62 71 87 91 
28 50 62 71 91 90 
22 50 62 71 86 90 
13 49 62 71 87 90 
10 49 62 71 86 90 
3 48 62 71 87 90 
0 48 62 72 87 90 
0 47 62 72 87 89 
0 46 62 72 87 89 
0 46 61 71 86 89 
0 45 61 71 86 88 
0 44 61 70 85 87 
0 45 60 70 85 87 
0 44 60 69 84 87 
0 44 60 70 84 86 
0 43 60 70 84 86 
0 44 60 70 84 85 
0 44 60 70 84 86 
0 44 60 70 84 86 
0 44 61 70 84 86 
0 44 61 70 84 86 
0 44 61 70 84 86 
0 44 61 70 84 86 
0 43 61 70 84 86 
0 43 60 70 84 85 
0 43 60 70 83 85 
0 43 60 69 83 84 
0 42 60 69 83 84 
