0 45 149 206 217 197 
0 45 92 138 210 199 
0 46 72 101 186 189 
0 45 65 84 164 180 
0 45 62 76 145 165 
0 45 62 72 131 153 
0 45 62 72 121 143 
0 45 62 71 114 134 
0 44 61 71 108 127 
0 44 61 70 103 121 
0 44 61 70 100 117 
0 44 61 70 97 108 
0 44 61 70 96 105 
0 45 61 70 94 102 
29 51 62 71 99 102 
96 58 63 72 94 100 
113 61 63 72 94 104 
137 64 64 73 93 102 
120 62 64 73 93 102 
105 59 63 72 92 97 
85 57 63 73 92 97 
72 55 63 72 91 95 
72 56 63 72 90 95 
55 53 62 72 89 93 
44 52 62 71 89 93 
39 52 62 71 92 92 
53 53 62 71 87 91 
38 52 62 72 92 91 
28 51 63 72 92 91 
17 50 63 72 88 91 
10 50 63 72 87 90 
8 49 63 72 88 91 
2 48 62 72 87 90 
0 48 62 72 87 90 
0 47 62 71 87 89 
0 46 61 71 86 88 
0 46 61 71 86 88 
0 45 61 71 85 88 
0 44 61 70 85 87 
0 45 61 70 85 87 
0 45 61 70 85 86 
0 45 61 70 84 86 
0 44 61 70 85 86 
0 45 61 70 85 87 
0 45 61 70 85 86 
0 44 61 71 85 87 
0 44 61 71 85 87 
0 44 61 71 85 87 
0 44 61 71 85 87 
0 44 60 70 84 86 
0 43 61 70 84 86 
0 43 60 70 84 85 
0 43 60 69 83 85 
0 42 59 69 83 84 
0 43 59 69 83 84 
0 43 60 69 83 84 
0 43 60 69 83 84 
