0 0 114 191 211 194 
0 0 23 87 178 174 
0 0 1 36 138 145 
0 0 0 9 99 113 
0 0 0 1 76 94 
0 0 0 2 64 87 
0 0 0 9 63 85 
0 0 1 14 63 86 
0 0 7 21 66 91 
0 0 10 27 68 88 
0 0 12 33 76 96 
0 0 21 43 85 101 
0 0 24 45 83 97 
0 0 23 43 78 89 
0 0 15 35 68 78 
0 0 11 30 59 68 
0 0 2 20 48 61 
5 0 1 16 38 50 
14 0 0 4 23 35 
28 0 0 0 18 31 
48 0 0 2 19 32 
89 0 1 11 27 38 
117 0 5 17 35 46 
149 9 12 27 50 56 
186 10 14 32 59 69 
228 10 18 41 68 81 
308 11 25 47 74 89 
340 11 26 47 73 85 
372 7 19 39 67 70 
388 8 16 34 55 61 
440 4 7 23 44 50 
442 9 6 19 35 41 
449 8 0 8 21 29 
454 9 0 1 18 25 
450 10 0 4 16 23 
474 14 4 14 30 32 
434 14 7 20 34 40 
413 16 15 30 46 57 
402 15 16 33 52 66 
424 14 21 44 68 83 
440 14 27 48 73 85 
468 14 27 47 71 77 
466 9 20 39 65 66 
457 10 17 34 54 57 
448 5 8 23 42 45 
489 11 5 18 33 34 
528 14 0 6 23 25 
491 11 0 3 14 19 
442 11 0 6 16 23 
423 15 6 17 27 32 
440 14 9 22 40 41 
412 17 17 31 47 57 
454 17 18 36 57 69 
384 15 24 47 76 84 
312 12 28 48 73 80 
252 11 28 46 69 74 
205 2 21 39 60 64 
158 0 16 33 56 55 
119 0 7 22 41 45 
87 0 4 16 35 34 
61 0 0 4 21 24 
43 0 0 1 17 22 
31 0 0 5 19 26 
20 0 4 14 25 32 
11 0 6 19 31 39 
4 0 13 28 42 49 
0 0 14 31 49 56 
0 0 17 38 62 71 
0 0 24 46 70 77 
0 0 26 46 69 76 
0 0 23 42 63 68 
0 0 17 36 56 60 
0 0 12 29 48 50 
0 0 4 20 38 46 
0 0 1 14 27 34 
0 0 0 3 14 19 
0 0 0 1 13 18 
0 0 0 4 15 21 
0 0 2 13 25 33 
0 0 4 17 31 41 
0 0 10 24 40 47 
0 0 12 29 47 54 
0 0 15 36 59 68 
0 0 23 45 69 77 
0 0 24 45 68 74 
0 0 23 43 63 67 
0 0 16 35 56 59 
0 0 12 30 48 50 
0 0 3 20 38 45 
0 0 1 15 29 35 
0 0 0 4 15 20 
0 0 0 0 12 14 
0 0 0 3 14 20 
0 0 0 10 23 31 
0 0 3 16 29 39 
0 0 8 22 37 49 
0 0 11 28 44 52 
0 0 13 34 55 65 
0 0 21 44 67 75 
0 0 24 45 68 74 
0 0 24 44 64 68 
0 0 16 35 56 59 
0 0 13 30 48 51 
0 0 3 21 38 45 
0 0 1 16 30 36 
0 0 0 5 17 17 
0 0 0 0 11 17 
