0 0 125 205 229 215 
0 0 35 102 197 202 
0 0 10 48 154 166 
0 0 3 24 118 136 
0 0 1 13 89 111 
0 0 0 0 63 81 
0 0 0 0 53 71 
0 0 0 3 49 66 
0 0 0 12 54 75 
0 0 2 16 55 78 
0 0 10 25 62 80 
0 0 11 28 66 84 
0 0 15 37 77 95 
0 0 22 44 82 98 
0 0 23 44 80 93 
0 0 19 40 72 83 
0 0 15 34 64 74 
0 0 9 28 55 68 
0 0 3 19 44 58 
0 0 0 13 33 45 
0 0 0 1 20 26 
0 0 0 0 18 24 
0 0 0 2 20 27 
0 0 0 11 29 42 
0 0 2 16 34 49 
0 0 8 23 44 60 
0 0 10 27 50 61 
0 0 13 35 62 75 
0 0 22 44 72 82 
0 0 23 44 71 80 
0 0 22 42 67 73 
4 0 15 35 59 65 
48 0 11 29 50 55 
71 0 3 20 41 47 
97 0 2 15 35 35 
149 0 0 3 17 26 
176 0 0 1 19 26 
204 3 0 5 17 29 
237 12 4 15 28 34 
236 11 7 20 36 43 
242 16 15 31 49 55 
242 15 16 35 58 67 
251 12 22 46 71 80 
271 10 26 47 73 80 
288 9 27 46 69 76 
328 6 19 38 60 65 
348 6 15 32 56 55 
408 3 7 22 41 45 
467 8 5 16 35 32 
486 9 0 3 16 24 
633 13 0 3 19 20 
1023 18 0 9 19 26 
1023 16 7 19 30 35 
1023 21 11 25 39 45 
1023 17 16 32 51 61 
1023 21 17 38 62 71 
1023 20 25 49 74 83 
1023 16 27 47 73 83 
985 15 25 44 70 70 
875 14 19 37 57 61 
991 12 12 29 51 53 
821 16 8 21 39 40 
653 16 2 10 28 24 
511 14 0 1 15 22 
397 9 0 4 19 24 
307 11 3 12 23 28 
235 12 8 20 32 36 
181 13 13 28 48 53 
136 9 16 33 52 57 
100 5 19 41 64 74 
73 1 26 48 73 80 
51 0 27 47 71 78 
35 0 22 41 68 68 
23 0 18 36 56 60 
14 0 11 28 50 48 
6 0 6 21 38 45 
0 0 2 13 26 28 
0 0 0 1 14 20 
0 0 0 2 14 20 
0 0 0 5 17 20 
0 0 3 15 27 35 
0 0 4 18 33 43 
0 0 12 28 43 50 
0 0 13 30 50 57 
0 0 17 39 63 72 
0 0 24 46 70 77 
0 0 25 46 69 74 
0 0 21 41 62 65 
0 0 16 35 55 58 
0 0 10 28 46 47 
0 0 4 20 37 44 
0 0 1 13 27 33 
0 0 0 2 14 19 
0 0 0 1 13 18 
0 0 0 3 15 18 
0 0 2 13 25 33 
0 0 4 17 31 41 
0 0 10 25 41 48 
0 0 12 28 47 54 
0 0 14 36 60 69 
0 0 22 44 68 75 
0 0 24 45 68 74 
0 0 22 41 62 66 
0 0 16 35 55 57 
0 0 11 29 47 48 
0 0 3 20 37 44 
0 0 1 13 27 33 
0 0 0 2 14 15 
0 0 0 0 11 13 
0 0 0 2 14 16 
0 0 0 11 23 31 
0 0 2 16 29 39 
