0 0 86 151 164 148 
0 0 23 77 154 146 
0 0 9 44 136 143 
0 0 4 29 118 134 
0 0 11 30 111 131 
0 0 12 31 103 127 
0 0 17 40 106 130 
0 0 23 45 103 123 
0 0 23 45 96 113 
0 0 15 36 82 97 
0 0 13 32 72 84 
0 0 4 22 58 74 
0 0 2 17 48 64 
0 0 0 9 34 42 
0 0 0 0 24 32 
0 0 0 1 24 32 
0 0 0 4 27 40 
0 0 1 13 35 49 
4 0 3 18 41 57 
24 0 12 27 55 62 
69 0 13 32 59 72 
109 2 20 44 73 86 
197 7 25 47 75 85 
277 8 26 46 77 81 
353 5 19 39 67 71 
542 9 16 33 60 61 
1023 14 7 23 44 49 
1023 9 4 17 35 37 
1023 15 0 4 20 24 
1023 16 0 3 17 24 
1023 16 0 8 21 29 
1023 19 6 18 31 37 
1017 21 10 24 41 49 
973 18 15 32 52 59 
972 17 17 38 63 73 
1000 20 26 49 74 84 
967 16 27 48 73 82 
971 15 23 42 66 72 
969 13 18 35 57 66 
971 11 11 27 47 49 
947 13 7 21 43 41 
939 13 1 10 24 24 
981 15 0 3 16 20 
939 14 0 6 22 22 
933 17 5 15 26 31 
903 17 9 21 34 40 
857 18 15 31 47 57 
822 19 17 35 54 62 
803 17 22 45 69 83 
876 17 28 50 75 82 
846 16 28 47 72 78 
1023 17 20 40 61 66 
1023 17 18 35 54 58 
1023 15 8 24 42 45 
819 12 5 17 32 33 
630 12 0 3 21 19 
480 14 0 2 13 22 
364 11 0 7 21 27 
276 14 7 17 32 33 
210 11 10 23 36 45 
161 14 17 32 48 57 
124 9 18 37 58 66 
95 4 24 46 76 80 
72 0 26 47 72 79 
56 0 27 46 73 74 
42 0 18 37 59 64 
34 0 15 32 56 55 
27 0 5 22 45 45 
23 0 3 17 36 35 
20 0 0 5 17 24 
16 0 0 0 11 21 
13 0 0 4 18 24 
12 0 2 12 27 30 
9 0 6 18 29 41 
7 0 10 25 39 47 
6 0 14 30 47 54 
4 0 15 36 58 68 
4 0 23 45 69 77 
3 0 25 46 69 75 
4 0 24 44 64 68 
7 0 17 36 57 60 
7 0 13 30 49 51 
7 0 4 21 38 46 
9 0 2 16 30 36 
11 0 0 4 20 22 
12 0 0 0 11 19 
9 0 0 3 13 16 
6 0 0 11 22 31 
7 0 4 17 28 39 
7 0 9 23 37 49 
8 0 12 29 45 52 
8 0 14 34 56 65 
11 0 22 45 68 76 
13 0 25 46 68 75 
13 0 24 43 63 67 
13 0 17 36 56 59 
14 0 12 29 52 49 
12 0 4 20 42 41 
10 0 1 14 26 29 
12 0 0 2 13 20 
12 0 0 0 10 18 
11 0 0 4 17 23 
11 0 2 13 23 29 
10 0 4 18 29 37 
10 0 12 27 41 48 
9 0 13 30 48 56 
11 0 17 39 62 71 
13 0 24 45 69 75 
14 0 25 45 72 73 
13 0 18 38 59 63 
10 0 15 33 52 55 
11 0 7 25 42 45 
13 0 4 19 38 41 
