21 42 144 203 220 196 
21 42 84 133 212 197 
22 42 63 94 182 191 
22 42 56 75 157 176 
23 42 54 68 138 161 
24 42 54 65 125 148 
24 43 54 64 115 138 
25 43 55 65 108 130 
26 44 55 65 103 124 
26 43 55 65 99 113 
25 43 55 65 97 109 
26 43 55 64 94 105 
25 43 54 64 92 102 
25 42 54 64 90 99 
26 42 54 64 89 97 
27 42 54 64 88 95 
28 42 54 63 90 93 
35 43 54 64 85 92 
51 45 54 64 84 91 
56 46 54 64 84 90 
63 47 55 65 84 90 
66 47 55 65 84 89 
68 48 55 65 88 89 
63 47 55 65 83 88 
57 47 55 65 83 88 
54 46 55 65 82 87 
59 46 55 65 86 86 
77 48 55 65 82 86 
75 48 55 65 81 85 
67 47 54 64 81 84 
57 46 54 64 80 84 
44 44 54 64 80 83 
33 43 54 64 80 83 
24 43 54 64 80 83 
18 42 54 64 84 83 
13 42 55 65 80 83 
9 41 55 65 80 83 
10 41 55 65 80 83 
24 43 55 65 80 82 
28 43 55 65 84 83 
37 44 55 65 80 83 
33 44 55 64 80 82 
30 43 54 64 79 81 
28 43 54 64 83 81 
27 42 54 64 79 81 
30 42 54 64 78 81 
28 42 53 64 83 80 
26 43 53 63 78 80 
26 43 54 64 79 81 
26 43 54 64 78 81 
26 43 54 64 79 81 
25 43 55 64 79 81 
25 43 55 65 79 81 
25 42 55 65 79 81 
24 43 54 64 79 81 
25 42 54 64 79 81 
25 42 54 64 79 80 
24 42 54 64 78 80 
24 42 53 63 78 79 
24 42 53 63 77 79 
24 42 53 63 77 78 
23 42 53 63 77 79 
23 42 54 64 78 79 
23 43 54 64 78 79 
23 42 54 64 78 79 
23 43 54 64 78 80 
22 42 54 64 78 80 
