16 41 144 202 219 195 
17 42 84 133 211 196 
19 42 64 95 186 191 
19 42 57 76 162 177 
19 43 55 69 144 162 
19 42 55 66 130 150 
19 42 54 64 120 139 
20 42 54 64 108 130 
20 42 54 64 102 123 
20 41 54 64 98 112 
20 41 53 64 95 107 
20 41 53 64 93 103 
20 42 53 64 91 100 
21 41 54 64 90 98 
27 43 54 64 89 96 
36 44 54 64 87 95 
45 45 55 64 87 94 
70 48 55 65 86 93 
70 48 55 65 86 92 
70 48 55 65 85 91 
66 47 55 65 85 91 
61 47 55 65 84 90 
55 46 55 65 84 89 
51 45 54 64 82 87 
51 45 54 64 82 87 
63 46 54 64 82 86 
64 46 54 64 82 86 
62 46 54 64 81 85 
62 46 54 64 80 84 
52 46 54 64 81 84 
38 45 54 65 85 85 
29 43 54 64 85 84 
20 43 55 65 80 84 
15 42 55 65 81 85 
14 42 55 65 81 84 
17 42 54 64 81 84 
20 42 54 64 80 83 
19 42 54 64 84 82 
18 41 54 64 84 82 
20 41 54 63 79 81 
27 42 54 64 79 81 
25 42 53 63 78 81 
22 42 53 63 78 80 
20 42 54 64 78 81 
19 42 54 64 83 81 
19 42 54 64 83 81 
20 42 54 65 79 81 
27 43 54 65 80 82 
26 43 54 64 80 82 
26 43 54 64 79 81 
26 42 54 64 79 81 
24 42 54 64 79 81 
23 42 53 64 79 81 
24 42 53 64 78 80 
24 41 53 63 77 79 
23 42 53 63 78 79 
22 41 53 63 77 79 
22 41 53 63 77 79 
22 42 53 63 77 79 
21 42 54 64 78 79 
21 42 54 64 78 80 
20 42 54 64 78 80 
