25 43 144 202 222 198 
26 43 85 133 213 199 
26 43 64 95 183 192 
26 43 56 76 159 177 
26 43 55 68 140 163 
26 43 55 65 127 150 
27 43 55 64 116 139 
26 43 55 64 109 131 
27 43 55 65 104 125 
27 44 56 65 100 120 
27 44 55 65 96 109 
27 43 55 65 94 105 
27 43 55 65 92 102 
28 43 54 64 95 99 
28 43 54 64 93 97 
30 43 54 64 87 94 
33 44 54 64 87 94 
44 45 55 64 86 93 
49 46 55 64 90 92 
64 47 55 64 85 91 
69 48 55 65 89 90 
68 49 56 66 89 90 
67 48 56 66 85 89 
70 48 56 66 84 89 
68 48 55 65 87 88 
61 47 55 66 83 88 
57 47 55 65 83 87 
53 46 55 65 82 86 
64 47 55 65 81 85 
64 47 55 64 81 85 
57 46 55 65 81 85 
54 46 55 65 81 84 
66 48 55 65 81 84 
54 47 55 65 80 84 
46 45 55 65 81 84 
36 45 55 65 81 84 
29 45 55 65 85 84 
24 44 55 65 81 83 
30 44 55 65 81 84 
33 44 55 65 81 84 
39 45 55 65 85 83 
39 44 55 64 84 82 
35 44 55 64 80 82 
31 43 54 64 79 82 
28 43 54 64 83 81 
26 43 54 64 79 81 
24 43 54 64 78 81 
24 43 55 64 79 81 
22 43 55 65 79 81 
22 43 55 65 79 81 
21 43 55 65 79 81 
21 43 55 65 80 82 
21 43 55 65 80 82 
20 43 55 65 80 81 
21 43 55 65 79 81 
21 42 55 65 79 81 
21 42 54 64 79 80 
21 42 54 64 78 80 
21 42 54 64 78 80 
21 42 54 64 78 79 
22 42 54 64 78 79 
22 43 54 64 78 80 
22 43 54 65 78 80 
23 43 55 64 78 80 
22 43 55 65 79 80 
23 43 55 65 79 80 
23 43 55 65 79 80 
23 43 55 65 78 80 
23 43 55 65 79 80 
23 42 54 65 79 80 
23 42 54 64 78 79 
23 42 54 64 78 79 
23 42 54 64 77 78 
23 42 54 64 77 79 
23 42 54 64 77 78 
22 42 54 64 77 78 
