0 54 156 211 251 235 
0 55 99 144 231 228 
0 55 79 107 201 212 
0 54 72 89 175 197 
0 54 70 81 155 179 
0 53 69 79 141 166 
0 52 69 78 131 154 
0 53 69 77 123 144 
0 53 69 77 117 137 
0 53 69 78 114 133 
0 53 69 78 110 128 
0 54 69 78 107 125 
0 55 70 78 105 122 
3 55 70 79 104 120 
5 55 70 78 103 118 
16 56 70 78 101 116 
24 57 69 78 99 108 
29 57 69 78 104 112 
16 55 69 77 98 105 
18 56 68 77 102 110 
56 60 69 77 96 103 
140 70 70 79 97 103 
223 81 71 80 97 102 
292 89 72 81 103 108 
360 95 73 81 97 103 
354 95 74 82 98 103 
321 94 74 82 99 103 
377 96 74 83 99 103 
357 95 74 82 99 102 
294 93 74 82 103 107 
256 86 74 82 97 105 
205 81 73 82 97 100 
159 75 73 81 96 99 
131 72 73 81 97 103 
124 71 73 81 97 99 
95 68 73 81 97 99 
81 67 73 81 97 99 
60 64 73 81 96 99 
52 64 73 82 97 99 
48 63 73 81 101 105 
33 61 72 81 95 99 
29 61 72 81 100 104 
13 58 72 80 95 98 
1 57 71 80 94 97 
0 55 71 79 94 96 
0 54 70 79 94 96 
0 53 70 79 93 95 
0 54 70 79 93 95 
0 53 70 79 93 95 
0 53 70 79 93 95 
0 53 70 79 93 94 
0 53 71 79 94 95 
0 53 71 80 94 95 
0 53 71 80 94 95 
0 52 70 79 94 95 
0 52 70 79 93 95 
0 52 70 79 93 94 
0 51 69 78 93 94 
0 51 69 78 92 94 
0 50 69 78 92 93 
0 51 68 77 91 93 
0 50 68 77 91 92 
0 50 69 78 91 92 
0 50 68 77 91 92 
0 50 69 77 91 92 
0 50 69 78 92 92 
0 51 69 78 92 93 
0 50 69 78 92 93 
0 50 68 78 91 93 
0 50 68 78 92 93 
