0 49 153 209 224 200 
0 49 97 142 214 204 
0 49 77 105 188 191 
0 50 70 88 166 182 
0 50 68 81 148 169 
0 50 68 78 135 157 
0 50 68 77 126 147 
0 50 68 77 118 138 
0 50 68 77 113 132 
0 49 68 77 109 127 
0 49 67 77 106 123 
0 49 67 76 102 119 
0 49 67 76 100 116 
0 49 66 76 98 108 
0 49 66 76 98 105 
0 49 66 75 96 103 
0 50 67 75 95 101 
0 51 67 76 96 101 
0 52 67 76 95 100 
2 53 67 77 95 100 
4 54 68 76 94 99 
3 53 67 77 94 99 
0 52 67 76 94 98 
0 52 67 76 93 97 
14 54 67 76 93 97 
83 62 67 76 92 96 
198 76 68 76 97 100 
269 84 69 77 93 99 
272 85 69 77 92 99 
289 87 70 78 96 98 
289 87 70 78 97 99 
259 84 71 78 93 99 
283 87 72 79 97 99 
237 83 72 80 94 95 
221 81 72 80 94 96 
183 77 72 80 99 96 
161 74 71 79 94 99 
153 72 71 79 93 99 
113 68 71 79 93 99 
89 64 70 79 97 94 
69 62 70 78 96 94 
48 59 69 78 96 93 
39 59 69 78 96 93 
27 58 69 78 92 93 
22 57 69 78 91 93 
17 57 69 78 92 93 
4 56 69 78 91 92 
0 55 69 78 91 93 
0 54 70 79 92 93 
0 53 69 78 92 93 
0 52 69 78 91 93 
0 52 69 78 91 92 
0 51 68 77 91 92 
0 50 68 77 90 91 
0 50 68 77 90 91 
0 49 67 76 89 90 
0 49 67 76 89 90 
0 49 67 76 89 90 
0 49 67 76 89 89 
0 49 67 76 89 89 
0 50 67 77 89 90 
0 49 67 77 89 90 
0 50 68 77 90 90 
0 49 67 77 90 90 
0 49 67 76 89 90 
0 49 67 76 89 90 
0 49 67 76 89 90 
0 48 66 76 89 89 
0 48 66 75 88 89 
0 48 66 75 87 88 
