0 51 155 210 239 222 
0 51 99 144 223 216 
0 52 78 107 196 203 
0 51 72 89 173 191 
0 51 70 82 154 176 
0 51 69 79 139 163 
0 51 69 78 130 153 
0 50 69 78 122 143 
0 50 69 78 116 136 
0 50 68 77 112 130 
0 50 68 77 108 126 
0 53 68 77 105 122 
29 58 69 78 108 120 
48 60 69 78 105 117 
75 63 70 79 101 115 
133 70 70 79 100 114 
115 68 71 79 98 107 
98 67 71 80 103 111 
84 65 71 80 99 106 
65 62 71 79 99 105 
52 61 70 79 98 104 
43 59 70 78 97 102 
49 60 69 78 100 106 
100 65 70 78 95 101 
227 81 71 79 95 100 
269 86 72 80 95 99 
291 89 72 80 100 105 
298 90 73 81 100 105 
313 91 74 81 95 99 
332 92 74 82 96 103 
310 92 75 83 97 104 
247 86 74 83 97 104 
245 86 74 83 98 104 
224 84 74 83 97 103 
184 79 74 83 102 105 
165 76 74 82 96 99 
133 72 73 81 96 98 
112 70 72 81 95 97 
90 67 72 80 95 97 
67 64 72 81 95 97 
47 63 72 80 95 97 
31 61 72 80 95 97 
26 61 72 81 95 96 
20 60 72 81 95 96 
9 59 73 81 95 97 
3 58 72 81 95 96 
0 57 72 80 95 96 
0 56 72 80 94 96 
0 55 72 80 94 95 
0 54 71 80 94 95 
0 54 70 79 93 94 
0 53 70 79 93 94 
0 52 70 78 92 93 
0 52 70 79 92 93 
0 52 70 79 92 93 
0 52 70 79 92 93 
0 52 70 79 92 92 
0 52 70 79 92 93 
0 52 71 79 93 94 
0 52 70 79 93 94 
0 52 70 79 93 94 
0 52 70 79 92 93 
0 51 69 78 92 93 
0 51 69 78 92 92 
0 51 69 78 91 92 
0 50 68 78 91 91 
0 50 68 77 90 91 
0 50 68 77 90 91 
0 50 68 77 90 91 
0 50 68 77 90 91 
0 50 68 77 90 90 
0 50 68 77 90 90 
0 50 69 77 90 91 
0 51 68 77 91 91 
0 50 68 77 90 91 
0 50 69 78 91 91 
0 50 68 77 90 91 
0 50 68 77 90 90 
0 49 67 76 90 90 
