0 51 154 210 226 208 
0 51 98 143 214 205 
0 50 77 106 189 193 
0 50 70 88 167 183 
0 50 68 80 149 169 
0 50 68 78 135 157 
0 50 68 77 125 146 
0 50 68 77 118 138 
0 50 68 77 113 132 
0 50 68 77 109 127 
0 50 68 77 106 123 
0 51 68 77 103 120 
0 51 68 77 101 117 
0 51 68 77 100 115 
0 53 68 77 98 107 
2 54 68 77 98 105 
16 55 68 77 97 104 
39 57 68 77 101 107 
44 58 68 77 95 101 
97 64 68 76 95 100 
133 69 69 77 95 103 
181 75 70 78 99 103 
224 80 71 78 95 99 
253 84 71 79 95 103 
262 86 72 80 96 99 
273 87 72 80 96 103 
273 87 73 81 96 103 
261 86 72 80 95 98 
221 81 72 81 95 98 
184 76 72 79 99 102 
135 70 71 79 94 97 
136 70 71 79 93 100 
112 68 71 80 93 96 
83 64 71 79 94 96 
81 65 71 79 93 96 
60 62 71 79 93 95 
48 61 71 79 97 95 
48 62 71 80 98 96 
49 62 71 80 98 96 
37 60 71 79 94 96 
23 59 70 79 93 95 
13 57 70 79 93 95 
2 55 69 78 92 94 
0 55 69 78 92 93 
0 54 69 78 91 93 
3 55 69 78 91 92 
0 54 69 78 91 92 
0 53 69 78 90 92 
0 52 69 78 91 92 
0 52 69 78 91 92 
0 52 69 78 91 92 
0 52 69 78 91 92 
0 51 69 78 91 92 
0 51 69 78 91 92 
0 50 69 78 91 92 
0 51 69 77 91 92 
0 50 68 77 90 91 
0 49 67 76 90 91 
0 49 67 76 89 90 
0 49 67 76 88 89 
