0 15 130 193 219 201 
0 15 66 119 202 195 
0 15 43 78 174 186 
0 15 36 59 149 170 
0 15 34 50 128 153 
0 15 33 47 113 139 
0 15 33 46 103 128 
0 14 33 46 95 113 
0 14 32 45 90 106 
0 14 32 45 85 100 
0 14 32 45 82 95 
0 14 32 45 79 91 
0 14 32 45 77 88 
0 14 33 46 76 86 
0 14 33 46 74 84 
0 15 33 45 73 83 
0 15 32 46 72 81 
0 14 33 46 72 80 
0 14 33 46 71 79 
0 14 32 46 69 77 
0 13 32 46 69 76 
0 13 32 45 68 75 
0 14 32 45 67 74 
0 13 31 44 66 72 
0 13 31 44 66 72 
0 14 31 44 65 71 
0 13 31 44 65 71 
0 14 32 45 65 70 
0 13 32 45 64 70 
0 14 31 45 65 70 
0 14 32 46 65 70 
0 14 32 45 65 70 
0 13 32 45 65 70 
0 14 32 45 65 70 
0 13 32 45 64 69 
0 13 32 45 64 69 
0 13 32 45 64 68 
0 15 31 44 63 67 
3 17 31 44 63 67 
11 18 31 44 62 67 
29 20 32 44 67 67 
36 21 32 45 63 67 
29 20 32 45 67 67 
28 21 32 45 67 67 
24 20 33 46 63 67 
17 20 33 46 64 68 
23 20 33 46 64 67 
19 19 33 46 68 68 
12 19 33 45 64 68 
2 17 32 45 63 67 
0 16 31 45 63 66 
0 17 32 45 62 66 
0 16 31 45 62 65 
0 16 31 44 61 65 
0 16 31 44 61 65 
0 16 31 44 61 64 
0 16 32 45 62 65 
0 16 32 45 62 65 
0 16 32 45 62 65 
0 15 32 45 62 65 
0 15 32 45 63 65 
0 15 32 45 63 66 
0 14 32 45 62 66 
0 14 32 45 62 65 
0 13 32 45 62 65 
0 13 31 44 61 65 
0 13 31 44 61 64 
0 12 30 44 60 63 
0 12 30 44 60 63 
0 12 30 43 60 62 
0 12 31 44 60 63 
0 13 31 44 60 63 
0 13 31 44 61 63 
0 13 31 44 61 64 
0 13 31 44 61 64 
0 13 31 44 61 64 
0 12 31 44 61 64 
0 13 31 44 61 64 
0 13 31 44 61 63 
0 12 31 44 61 63 
0 12 30 44 61 63 
0 11 30 43 60 63 
0 12 29 43 60 62 
0 12 30 43 59 62 
0 12 30 43 60 62 
0 12 30 43 60 62 
0 12 30 43 60 62 
0 12 30 43 60 62 
0 12 30 44 60 63 
0 12 31 44 60 63 
0 12 31 44 61 63 
0 12 31 44 61 63 
0 12 30 44 60 63 
0 12 30 43 60 63 
0 11 30 43 60 62 
0 12 30 43 60 62 
0 11 29 42 59 61 
0 11 29 42 59 61 
0 11 29 42 59 61 
0 11 29 42 58 61 
0 11 29 43 59 61 
0 11 29 42 58 61 
0 12 30 43 59 61 
