0 12 128 191 216 197 
0 12 63 117 199 191 
0 12 40 75 171 183 
0 13 33 56 145 167 
0 13 31 48 126 150 
0 13 31 46 112 137 
0 13 31 44 101 126 
0 12 31 44 93 112 
0 12 31 44 88 105 
0 12 31 44 84 99 
0 12 31 43 81 94 
0 12 30 43 77 89 
0 12 30 43 75 86 
0 12 30 43 73 83 
0 12 30 43 71 81 
0 12 30 43 70 79 
0 12 30 43 69 78 
0 12 30 43 68 77 
0 12 30 44 68 76 
0 12 31 44 68 76 
0 12 31 44 67 74 
0 12 31 44 67 74 
0 12 31 44 66 73 
0 13 30 44 66 72 
0 14 30 43 65 71 
11 16 30 44 65 71 
33 19 30 44 64 70 
58 21 30 43 68 69 
54 21 30 44 64 69 
40 20 30 43 63 67 
25 18 30 43 63 68 
18 18 30 43 67 68 
16 18 31 44 63 68 
11 17 31 44 63 67 
11 17 31 44 63 68 
5 17 31 44 63 68 
1 16 31 44 63 67 
0 16 31 44 63 67 
0 15 31 44 62 66 
0 15 30 43 62 66 
0 15 30 43 62 66 
0 15 30 43 61 65 
0 15 30 43 61 64 
0 15 29 43 60 64 
0 14 30 43 60 64 
0 14 30 43 61 64 
0 14 30 43 60 64 
0 14 30 43 61 64 
0 14 30 43 61 65 
0 13 31 44 61 65 
0 13 30 43 62 65 
0 12 30 44 62 65 
0 12 30 44 61 64 
0 12 30 44 61 65 
0 12 29 43 61 64 
0 11 29 43 60 64 
0 11 29 43 60 63 
0 11 29 42 60 63 
0 11 29 42 59 62 
0 11 29 42 59 62 
0 11 29 42 60 62 
0 12 29 42 59 62 
0 11 29 43 60 63 
0 11 30 43 60 63 
0 12 30 43 60 63 
0 12 30 43 60 64 
0 11 30 43 60 64 
0 11 30 43 60 63 
0 11 29 43 60 63 
0 11 28 42 59 62 
0 10 29 42 59 62 
0 10 28 42 59 61 
0 10 28 41 58 61 
0 10 28 41 58 61 
0 10 28 41 58 60 
0 10 28 41 58 60 
0 11 29 42 58 61 
0 11 29 42 59 62 
0 11 29 43 59 62 
0 11 29 43 59 62 
0 11 29 43 60 62 
0 11 29 42 59 62 
0 10 29 42 59 62 
0 10 29 42 59 62 
0 10 28 41 58 61 
0 10 28 42 58 61 
0 9 27 40 58 60 
0 10 28 41 58 60 
0 9 27 40 57 60 
0 10 28 41 57 60 
0 10 28 41 57 60 
0 10 28 42 58 60 
0 10 28 42 58 60 
0 10 28 42 58 61 
0 10 29 42 58 61 
0 10 28 42 58 61 
0 10 29 42 59 61 
0 10 28 42 59 61 
0 10 28 41 57 60 
0 9 27 40 58 60 
0 10 27 41 57 60 
0 9 27 40 57 59 
0 9 27 39 56 59 
0 9 27 40 57 59 
0 9 27 39 56 59 
0 9 27 40 57 59 
0 10 28 41 57 59 
0 9 27 40 57 60 
0 10 28 41 57 60 
0 10 28 41 57 60 
0 9 28 41 57 60 
0 9 27 40 58 60 
0 9 27 40 57 60 
0 9 27 40 57 59 
0 9 26 39 57 59 
0 9 26 39 56 59 
0 8 26 39 56 59 
0 9 26 39 55 58 
0 9 26 39 55 58 
0 9 26 39 55 58 
0 8 26 39 56 58 
0 9 26 39 56 58 
0 9 27 40 56 58 
0 9 27 40 57 59 
0 9 27 40 57 59 
0 9 27 40 57 59 
0 9 27 40 57 60 
0 9 27 40 57 59 
0 9 27 40 57 59 
0 8 26 39 56 59 
0 8 26 39 56 58 
0 8 26 38 55 58 
0 8 26 39 55 57 
0 8 26 39 55 57 
0 8 26 39 55 57 
0 8 26 39 55 57 
0 8 26 39 55 57 
0 9 26 39 55 58 
0 8 26 39 56 58 
0 9 27 39 56 59 
0 8 27 40 56 59 
0 8 26 39 56 59 
0 8 26 39 56 59 
