0 12 128 192 216 197 
0 12 63 117 199 193 
0 12 40 75 170 182 
0 11 32 55 144 165 
0 11 30 47 124 148 
0 11 30 44 110 135 
0 11 30 43 99 118 
0 11 30 43 92 109 
0 12 30 43 87 102 
0 12 30 43 83 97 
0 11 30 43 80 93 
0 12 30 43 78 90 
0 12 31 44 76 87 
0 12 31 44 74 85 
0 12 30 44 73 83 
0 11 30 43 71 80 
0 11 30 43 70 79 
0 11 29 43 68 77 
0 11 29 42 67 75 
0 11 29 42 66 74 
0 11 29 42 65 72 
0 11 29 42 65 71 
0 10 29 43 64 71 
0 11 29 42 63 70 
0 11 29 42 63 69 
0 11 30 42 64 70 
0 11 29 43 63 69 
0 11 30 43 63 69 
0 11 30 43 63 69 
0 11 29 43 63 69 
0 11 29 43 63 68 
0 11 29 43 62 68 
0 10 29 42 62 67 
0 10 29 42 61 66 
0 10 28 42 61 65 
0 10 28 42 60 65 
0 10 28 41 60 64 
0 10 28 42 60 64 
0 11 29 42 60 64 
0 11 29 42 61 65 
0 12 29 42 61 65 
0 14 29 43 61 65 
0 15 29 43 62 65 
17 17 29 43 62 66 
33 19 29 43 61 65 
45 19 30 43 62 66 
50 20 30 43 61 65 
42 19 30 43 61 64 
31 17 29 43 61 64 
21 16 29 42 60 63 
17 16 29 42 60 63 
9 15 29 42 59 63 
2 15 29 42 60 63 
0 14 29 42 60 63 
0 14 29 43 60 63 
0 14 29 43 60 64 
0 14 30 43 60 64 
0 14 30 43 61 64 
0 13 30 43 60 64 
0 13 30 43 61 64 
0 14 29 43 60 64 
0 13 29 42 60 63 
0 12 28 42 59 62 
0 11 28 42 58 62 
0 11 28 42 59 61 
0 11 28 41 58 61 
0 10 28 41 58 61 
0 11 28 41 58 61 
0 11 29 42 59 62 
0 11 29 42 59 61 
0 10 29 42 59 62 
0 11 29 43 60 62 
0 10 29 43 60 63 
0 11 29 42 59 63 
0 10 29 42 59 62 
0 10 28 42 59 62 
0 9 27 40 59 61 
0 10 28 41 58 61 
0 9 27 40 58 61 
0 10 28 41 57 60 
0 10 27 41 57 60 
0 10 27 41 57 59 
0 10 28 42 58 60 
0 10 28 41 58 60 
0 10 28 41 58 61 
0 10 28 42 58 61 
0 10 28 42 58 61 
0 10 29 42 59 62 
0 9 28 41 59 62 
0 10 28 42 58 61 
0 10 28 41 58 61 
0 9 27 40 58 61 
0 9 27 40 57 60 
0 9 26 39 57 59 
0 9 26 39 57 59 
0 9 26 39 56 58 
0 9 26 39 56 59 
0 9 27 39 56 59 
0 9 27 40 57 59 
0 9 27 40 57 60 
0 9 27 40 57 60 
0 10 28 41 57 60 
0 9 27 40 58 60 
0 9 27 40 57 60 
0 9 27 40 58 60 
0 9 27 39 57 60 
0 8 26 39 57 60 
0 9 26 39 57 59 
0 8 26 39 56 59 
0 8 26 39 56 58 
0 8 26 39 56 58 
0 8 26 39 55 58 
0 9 26 39 55 58 
