0 16 131 193 235 218 
0 16 67 120 213 210 
0 16 44 79 181 198 
0 16 37 59 153 178 
0 16 35 51 133 160 
0 16 34 48 118 145 
0 16 34 47 107 133 
0 15 34 46 98 118 
0 15 34 46 93 110 
0 15 34 46 89 104 
0 15 33 46 85 99 
0 15 33 46 82 95 
0 15 33 46 80 92 
0 15 34 46 78 89 
0 15 34 47 77 88 
0 16 34 47 76 86 
0 16 34 47 75 84 
0 15 34 47 74 83 
0 15 34 47 73 82 
0 15 34 47 72 81 
0 15 33 47 72 79 
0 15 33 46 71 78 
0 15 33 46 70 77 
0 14 33 46 69 76 
0 14 32 46 68 75 
0 14 32 45 68 74 
0 14 32 45 67 73 
0 15 32 45 67 73 
0 15 33 46 67 73 
0 15 33 46 67 73 
0 15 33 46 67 73 
0 16 33 46 67 72 
0 15 33 46 67 73 
0 15 33 46 67 73 
0 15 33 46 66 72 
0 15 32 46 66 71 
0 14 32 46 66 71 
0 15 32 45 65 70 
0 15 32 44 65 70 
0 17 32 45 64 69 
13 19 32 45 64 69 
24 20 32 45 64 69 
45 23 33 46 65 69 
50 24 33 46 64 69 
60 25 34 47 65 69 
45 23 34 47 66 70 
33 23 34 47 66 70 
30 22 34 47 66 70 
20 21 34 47 66 70 
16 20 33 46 65 69 
12 20 33 46 65 69 
14 20 33 46 65 69 
5 18 32 45 64 68 
1 18 33 46 64 67 
0 18 32 45 63 67 
0 17 32 45 63 67 
0 18 33 46 64 67 
0 18 33 46 63 67 
0 18 33 46 63 66 
0 18 33 46 64 67 
0 17 33 46 64 68 
0 16 33 46 64 67 
0 16 33 46 64 68 
0 15 33 46 64 67 
0 15 33 46 64 67 
0 14 32 46 63 66 
0 15 32 45 63 66 
0 14 31 45 62 65 
0 14 32 45 62 65 
0 14 31 45 62 65 
0 13 31 44 62 65 
0 14 32 45 62 65 
0 14 31 45 62 65 
0 14 32 45 62 65 
0 14 32 45 62 65 
0 14 32 45 63 65 
0 14 32 46 63 66 
0 14 32 45 62 66 
0 14 32 45 63 66 
0 14 32 45 62 65 
0 13 31 45 62 65 
0 13 31 44 61 64 
0 13 31 44 61 64 
0 13 31 44 61 64 
0 13 31 44 61 63 
0 12 31 44 61 63 
0 13 31 44 61 63 
0 13 31 44 61 64 
0 13 32 45 62 64 
0 13 32 45 62 65 
0 13 32 45 62 65 
0 13 31 45 62 65 
0 13 31 45 62 65 
