0 16 132 194 240 224 
0 16 68 120 216 213 
0 16 45 79 184 201 
0 16 37 59 156 181 
0 16 35 51 134 162 
0 16 35 49 120 147 
0 15 34 47 108 135 
0 15 34 47 100 124 
0 15 34 46 93 111 
0 15 34 47 89 105 
0 15 34 47 86 100 
0 15 34 47 83 96 
0 15 34 47 81 93 
0 15 34 47 79 90 
0 16 35 47 78 89 
0 16 34 47 77 87 
0 16 34 47 76 86 
0 16 34 47 75 84 
0 15 34 47 74 83 
0 15 34 47 73 82 
0 15 34 47 72 80 
0 15 33 46 71 79 
0 15 33 46 70 78 
0 15 32 46 69 77 
0 15 33 45 69 75 
0 15 33 46 69 75 
0 15 33 46 68 74 
0 15 33 46 67 74 
0 15 33 46 68 74 
0 15 33 46 68 74 
0 15 33 46 68 74 
0 15 33 46 67 74 
0 15 33 46 67 73 
0 15 33 46 67 73 
0 15 33 46 67 73 
0 14 33 46 67 72 
0 14 32 46 66 71 
0 14 32 45 65 71 
0 14 32 45 65 70 
0 14 32 45 65 70 
0 14 32 45 65 69 
0 14 32 45 64 68 
0 15 32 45 64 69 
0 16 32 45 65 69 
1 18 33 46 65 69 
29 21 33 46 70 70 
34 23 33 46 66 70 
37 23 33 46 66 70 
40 23 33 46 66 70 
34 22 33 46 66 70 
29 22 33 46 69 69 
33 21 33 46 65 69 
24 20 33 46 65 68 
14 19 32 45 64 68 
10 19 32 45 63 67 
9 18 32 45 63 67 
2 18 32 45 63 67 
0 17 33 46 64 67 
0 17 33 46 64 68 
0 17 33 46 64 68 
0 18 33 46 64 68 
0 17 33 46 65 68 
0 16 33 46 64 68 
0 15 32 46 65 68 
0 15 32 46 64 68 
0 14 32 45 64 67 
0 14 32 45 63 67 
0 13 31 45 63 66 
0 14 31 44 62 65 
0 14 31 44 62 65 
0 13 31 44 62 65 
0 14 31 44 62 65 
0 13 32 45 62 65 
0 14 32 45 63 66 
0 14 32 45 63 66 
0 14 32 46 63 66 
0 13 32 46 64 66 
0 14 32 45 63 66 
0 13 32 45 63 67 
0 13 32 45 63 66 
0 13 31 44 62 65 
0 13 31 44 62 65 
0 13 31 44 61 64 
0 13 31 44 61 64 
0 13 31 44 61 64 
0 12 31 44 61 64 
0 13 31 44 61 64 
0 13 31 44 61 64 
0 13 31 44 61 64 
0 13 31 44 61 64 
0 13 31 44 62 65 
0 13 31 44 62 64 
0 13 31 45 62 65 
0 13 31 44 62 65 
0 12 31 44 62 65 
0 11 30 44 61 64 
0 12 31 44 61 64 
0 12 30 43 60 63 
0 12 30 43 60 63 
0 12 30 43 60 63 
0 12 30 43 60 62 
0 12 30 43 60 63 
0 11 30 43 60 63 
0 12 30 44 60 63 
