0 14 129 192 221 202 
0 14 65 118 202 195 
0 14 42 77 174 187 
0 14 34 57 148 170 
0 15 33 49 128 153 
0 14 33 47 113 139 
0 14 33 46 103 129 
0 13 33 46 95 114 
0 14 32 45 90 107 
0 13 32 45 85 100 
0 13 32 45 82 96 
0 13 31 45 79 91 
0 13 31 44 77 88 
0 13 31 44 75 85 
0 13 31 45 73 83 
0 13 31 45 72 81 
0 14 32 45 71 80 
0 14 32 45 70 79 
0 14 32 45 70 78 
0 14 32 45 69 77 
0 13 32 45 69 76 
0 14 32 45 68 75 
0 13 32 45 68 75 
0 13 31 44 67 73 
0 12 31 44 66 73 
0 12 31 44 66 71 
0 12 31 44 65 71 
0 12 31 44 64 70 
0 12 30 44 64 70 
0 12 31 44 64 70 
0 12 31 44 64 69 
0 13 31 44 64 69 
0 13 31 44 64 69 
0 13 31 45 64 69 
0 13 32 45 64 69 
0 13 31 45 64 69 
0 13 31 44 64 69 
0 12 30 44 63 68 
0 12 30 44 63 68 
0 12 30 43 63 67 
0 12 30 43 62 66 
0 12 30 43 62 66 
0 11 30 43 61 65 
0 12 30 43 61 65 
0 12 30 43 61 65 
0 12 30 43 61 65 
0 12 30 43 61 65 
0 13 30 44 62 66 
0 12 31 44 62 66 
0 12 31 44 62 66 
0 12 30 44 62 66 
0 12 30 44 62 66 
0 11 30 44 61 65 
0 11 29 43 62 65 
0 11 30 43 61 65 
0 11 30 43 61 64 
0 11 30 43 60 63 
0 11 29 43 60 63 
0 11 29 43 60 63 
0 11 30 43 60 63 
0 11 30 43 60 63 
0 11 30 43 60 64 
0 12 29 43 61 64 
0 12 30 43 61 64 
0 12 30 43 61 64 
11 17 30 44 61 65 
29 19 31 44 66 65 
50 21 31 44 61 64 
47 20 30 43 61 64 
42 20 30 43 60 64 
29 18 30 43 64 63 
36 19 30 43 60 63 
30 18 30 43 60 63 
26 18 30 43 59 63 
18 18 30 43 64 63 
12 18 31 44 60 63 
4 16 31 44 61 64 
0 16 31 44 61 64 
0 15 31 44 61 64 
0 15 31 44 61 64 
0 14 30 44 61 64 
0 15 30 43 61 64 
0 14 30 43 61 63 
0 14 30 43 60 63 
0 13 29 43 60 63 
0 13 29 43 60 62 
0 12 29 43 59 62 
0 12 29 42 59 61 
0 12 29 42 59 61 
0 12 29 43 59 61 
0 12 29 43 59 62 
0 11 30 43 60 62 
0 12 30 44 60 63 
0 12 30 43 60 63 
0 11 30 43 60 63 
0 11 30 43 60 63 
0 11 30 43 59 62 
0 11 29 43 60 62 
0 10 29 42 59 62 
0 10 29 42 59 61 
0 10 28 42 59 61 
0 11 28 42 58 61 
0 10 29 42 58 61 
