0 11 127 190 214 195 
0 11 62 116 198 191 
0 12 39 74 169 182 
0 12 32 55 143 165 
0 12 30 47 124 149 
0 12 30 44 110 136 
0 12 30 43 100 125 
0 12 30 43 92 111 
0 12 30 43 87 103 
0 11 30 43 83 98 
0 11 30 43 80 93 
0 11 30 43 77 89 
0 11 29 42 74 86 
0 10 29 42 72 82 
0 11 28 42 70 80 
0 11 29 42 69 78 
0 11 29 42 68 77 
0 11 29 42 67 75 
0 11 29 43 67 75 
0 11 29 43 66 74 
0 11 30 43 66 73 
0 11 30 43 66 73 
0 11 30 43 65 72 
0 11 30 43 65 72 
0 11 29 43 64 71 
0 10 29 43 63 70 
0 11 29 42 63 69 
0 12 28 42 62 68 
5 14 29 42 62 67 
38 19 29 42 66 67 
48 19 29 43 66 67 
48 20 29 43 66 66 
38 19 30 43 66 67 
26 18 30 43 63 67 
21 17 30 43 62 67 
21 18 31 44 63 67 
11 16 30 44 63 67 
12 16 30 44 63 67 
3 15 30 44 62 67 
0 14 30 43 62 66 
0 13 29 43 61 65 
0 14 29 42 61 65 
0 13 29 42 60 64 
0 14 28 42 60 64 
0 14 29 42 60 64 
0 13 28 42 59 63 
0 13 29 42 60 64 
0 13 29 43 60 64 
0 12 29 43 60 64 
0 12 29 42 60 64 
0 12 29 43 60 64 
0 12 29 43 61 64 
0 11 29 42 60 64 
0 11 29 43 60 64 
0 11 29 42 60 63 
0 10 28 42 60 63 
0 10 28 42 59 63 
0 10 28 41 59 62 
0 10 28 41 59 61 
0 10 28 41 58 61 
0 10 28 41 58 61 
0 10 28 41 58 61 
0 11 29 42 59 62 
0 10 29 42 59 62 
0 10 29 42 59 63 
0 10 29 42 59 63 
0 10 29 42 59 63 
0 10 29 42 60 63 
0 10 28 42 59 62 
0 10 28 42 59 62 
0 9 27 40 59 62 
0 9 27 40 58 61 
0 9 27 39 58 60 
0 9 27 39 57 60 
0 9 27 40 57 60 
0 10 28 41 58 60 
0 10 28 41 58 60 
