6 35 141 201 221 202 
6 35 80 130 206 199 
6 35 58 90 179 190 
6 34 51 71 154 174 
6 35 48 63 135 158 
6 35 48 60 121 144 
7 35 48 59 110 134 
7 35 48 59 104 126 
7 35 49 59 98 114 
7 35 49 59 95 109 
7 35 49 60 92 104 
7 35 49 60 91 101 
7 35 49 60 89 99 
6 35 48 60 87 96 
7 35 48 59 85 94 
7 35 48 59 83 91 
7 34 48 59 82 90 
7 34 48 59 81 88 
8 34 48 58 80 87 
12 35 48 59 80 85 
11 35 48 58 79 85 
22 36 48 59 79 84 
29 37 48 59 83 84 
40 39 49 59 78 83 
47 40 49 60 79 83 
60 41 49 60 78 83 
56 40 49 60 78 83 
54 40 49 60 78 82 
55 40 49 60 77 82 
45 39 49 60 78 82 
38 38 48 59 80 81 
32 37 48 59 76 80 
36 38 48 59 76 79 
31 37 48 59 75 79 
30 37 48 59 75 79 
23 36 48 59 75 79 
22 36 48 59 75 78 
19 36 49 59 80 79 
16 36 49 59 76 79 
14 36 49 59 76 79 
12 36 49 59 76 79 
12 36 49 59 75 78 
12 36 49 59 75 78 
13 35 48 59 75 78 
13 35 48 59 75 78 
12 35 48 59 74 76 
12 35 48 59 74 77 
12 34 48 59 74 77 
12 35 48 59 74 76 
11 35 48 58 74 76 
11 35 48 59 73 76 
10 35 48 59 74 76 
11 35 48 59 74 76 
10 35 48 59 74 76 
10 36 49 60 74 76 
10 35 49 60 75 77 
10 35 48 59 75 77 
10 35 48 59 74 77 
9 34 48 59 74 76 
10 34 48 59 74 76 
9 34 47 59 74 76 
9 34 47 58 73 75 
9 34 47 58 73 75 
9 34 47 58 73 74 
10 34 47 58 72 75 
10 34 47 58 72 74 
10 35 48 58 73 75 
10 34 48 58 72 74 
9 35 48 59 73 75 
10 35 48 59 73 75 
9 35 48 59 73 75 
9 35 48 59 73 75 
9 34 48 59 73 74 
8 34 48 59 73 75 
