9 36 141 201 216 201 
10 36 80 130 210 197 
10 36 58 91 180 190 
10 36 51 71 155 174 
11 36 49 63 135 159 
11 36 48 60 121 145 
11 36 49 59 111 135 
12 36 49 60 104 127 
12 37 50 60 99 115 
13 37 49 60 96 109 
25 39 50 61 94 106 
39 40 50 61 96 102 
42 40 50 61 90 99 
38 39 50 61 92 97 
57 42 50 60 86 94 
61 41 50 60 84 93 
60 42 50 60 83 90 
67 42 49 60 82 89 
65 42 49 60 81 88 
58 41 49 60 85 87 
50 41 49 60 80 86 
45 40 50 60 80 85 
41 40 50 60 79 84 
36 40 50 61 79 84 
36 40 50 61 79 84 
33 39 50 61 79 84 
30 39 50 61 79 83 
28 39 50 61 82 82 
26 38 50 60 78 82 
24 38 49 60 78 82 
23 38 49 60 77 81 
23 37 49 59 76 80 
22 38 49 60 76 80 
20 37 49 60 76 79 
19 37 49 60 80 79 
18 37 49 60 80 79 
18 37 49 60 80 79 
17 37 50 60 76 79 
16 38 50 60 76 80 
16 37 50 60 77 80 
15 37 50 60 76 79 
15 37 50 60 76 79 
15 36 50 60 76 79 
14 36 49 60 76 78 
15 36 49 60 75 78 
13 36 49 59 75 78 
14 35 49 59 75 77 
14 36 49 59 75 77 
14 36 49 59 74 77 
14 36 49 59 74 77 
14 36 49 59 75 77 
14 37 49 60 75 77 
14 37 49 60 75 77 
14 37 50 60 75 77 
13 37 50 60 75 77 
13 37 50 60 75 77 
13 37 49 60 75 77 
13 36 49 60 75 77 
13 36 48 60 74 76 
13 36 48 59 74 76 
13 35 48 59 74 76 
13 35 48 59 73 75 
13 36 48 59 73 75 
14 36 48 59 74 75 
14 36 48 59 74 75 
15 36 49 59 74 76 
16 37 49 59 74 75 
16 37 49 60 75 76 
16 36 49 59 74 76 
15 36 49 59 74 76 
15 36 49 59 74 76 
16 36 49 59 74 76 
15 36 49 59 74 75 
