12 37 141 201 220 196 
13 37 81 130 212 197 
14 37 60 91 181 191 
14 38 52 72 156 175 
14 38 51 64 137 160 
14 38 51 62 124 148 
15 38 51 61 114 137 
15 38 51 61 106 128 
15 38 50 60 100 121 
15 37 50 59 96 110 
14 37 50 60 93 105 
15 37 49 59 90 101 
15 37 50 60 88 98 
16 37 49 60 87 96 
15 37 50 60 85 94 
16 37 50 60 84 92 
15 38 50 60 84 91 
17 38 50 60 83 90 
20 38 51 61 82 89 
24 39 51 61 82 88 
25 38 51 61 82 88 
28 39 50 61 85 86 
31 39 50 61 80 86 
36 39 50 61 80 85 
33 39 50 60 79 84 
31 39 50 60 78 83 
38 39 50 60 82 82 
34 39 50 60 78 82 
31 39 50 60 77 81 
31 39 50 61 77 81 
27 38 50 61 78 81 
24 39 50 61 78 81 
21 38 50 61 78 81 
19 38 50 61 82 81 
20 38 50 61 77 80 
19 38 50 61 82 81 
19 38 50 61 82 81 
19 37 50 60 81 80 
19 37 49 60 80 79 
19 37 49 60 80 79 
18 36 49 59 80 78 
18 36 49 60 80 78 
17 37 49 59 75 78 
17 37 49 59 75 77 
17 37 49 60 76 78 
16 38 49 60 76 78 
16 37 50 60 76 79 
16 38 50 60 76 78 
16 38 50 61 76 79 
15 37 50 60 76 79 
15 37 50 61 76 78 
15 37 50 60 76 78 
15 36 49 60 75 77 
15 37 49 60 75 77 
15 36 49 60 74 77 
15 36 49 59 74 76 
15 36 49 59 74 76 
15 36 49 60 75 76 
15 37 49 59 74 76 
15 36 49 59 75 77 
15 37 49 59 74 75 
16 37 50 60 75 77 
16 37 50 60 75 77 
15 37 50 60 75 77 
15 37 49 60 74 76 
15 36 50 60 75 76 
15 36 49 60 75 77 
15 36 49 59 74 76 
14 36 49 59 74 76 
14 36 48 59 73 75 
15 36 48 59 73 75 
14 36 48 59 73 75 
13 36 48 59 73 75 
13 36 49 59 73 74 
