0 49 153 209 225 202 
0 49 96 142 214 204 
0 49 75 105 188 194 
0 49 69 87 164 182 
0 49 67 79 146 168 
0 49 67 76 133 155 
0 49 67 76 124 145 
0 49 67 76 117 138 
0 49 67 76 112 131 
0 49 67 76 108 126 
0 49 67 76 105 123 
0 48 67 76 103 119 
0 48 67 76 100 116 
0 48 66 76 98 108 
0 48 66 76 98 105 
0 48 66 75 97 104 
0 49 66 75 96 102 
11 53 66 75 95 101 
56 58 66 75 94 99 
119 66 67 76 94 99 
169 72 68 77 95 99 
161 71 69 78 95 99 
160 72 69 77 95 98 
154 71 69 78 95 102 
134 68 69 78 95 102 
115 66 69 78 94 97 
96 64 69 78 94 97 
73 61 68 77 93 96 
57 59 67 77 93 96 
46 58 67 76 92 95 
35 57 67 75 91 94 
26 56 67 75 91 94 
18 55 67 76 95 93 
23 55 67 76 90 93 
41 58 67 77 91 93 
56 59 68 77 91 93 
48 59 68 77 96 94 
78 62 68 77 96 93 
59 60 68 77 96 93 
41 58 68 77 91 93 
24 56 67 77 91 93 
17 54 67 76 91 92 
6 53 67 76 90 92 
0 52 66 75 89 91 
0 51 66 75 88 90 
0 50 66 75 89 90 
0 50 66 75 88 90 
0 49 66 75 88 90 
0 49 66 75 89 90 
0 49 66 75 89 90 
0 49 66 75 89 90 
0 48 66 75 89 90 
0 48 66 75 89 90 
0 48 66 75 88 89 
0 48 66 75 89 90 
0 47 65 75 88 89 
0 47 65 74 88 89 
0 46 65 74 87 88 
0 47 64 74 87 88 
0 47 64 74 87 88 
