0 44 149 206 222 198 
0 44 91 138 211 201 
0 43 70 100 184 189 
0 44 63 82 162 179 
0 43 61 74 143 164 
0 43 61 71 129 151 
0 43 61 70 119 141 
0 43 61 70 113 133 
0 43 62 71 108 127 
0 43 62 71 104 122 
0 44 61 71 100 118 
0 43 62 71 98 110 
0 44 61 71 97 106 
0 43 61 71 96 104 
0 43 61 70 94 102 
0 43 60 70 92 99 
0 43 60 70 92 98 
0 43 60 70 90 96 
0 43 60 70 90 95 
0 45 60 70 89 94 
11 47 60 70 88 93 
69 54 61 70 92 93 
58 53 61 71 92 93 
66 54 62 71 88 92 
59 54 62 71 92 92 
43 52 62 71 88 92 
28 50 61 71 92 91 
14 48 61 71 88 91 
4 47 61 70 86 90 
0 46 61 70 86 90 
0 45 60 70 86 89 
0 45 60 69 85 88 
0 44 60 69 85 88 
0 45 60 69 84 86 
0 44 60 69 84 87 
0 44 60 69 84 87 
0 45 60 69 84 87 
15 48 61 70 85 87 
36 50 61 70 85 87 
32 51 61 70 85 87 
37 50 61 71 86 88 
32 50 61 70 85 87 
21 48 60 70 84 87 
11 47 60 70 84 86 
4 46 60 69 84 85 
0 45 60 69 83 85 
0 44 59 69 83 85 
0 44 59 69 83 84 
0 43 59 69 83 84 
0 43 59 69 83 84 
0 43 59 69 83 84 
0 43 59 69 82 84 
0 42 59 69 83 84 
0 43 60 69 83 85 
0 42 60 69 83 85 
0 42 59 69 83 84 
