0 52 156 212 244 232 
0 52 99 144 229 223 
0 52 79 108 201 209 
0 51 72 90 176 196 
0 51 70 82 156 180 
0 51 69 79 141 165 
0 51 69 78 131 154 
0 51 69 78 123 145 
0 51 69 78 117 138 
0 51 69 77 113 132 
0 51 69 78 110 127 
0 51 69 78 108 125 
0 51 69 78 105 122 
0 51 69 78 103 119 
0 51 69 78 102 117 
0 52 69 78 101 116 
3 55 69 78 99 108 
48 60 69 78 104 112 
105 66 69 77 97 109 
210 79 71 79 98 104 
221 80 71 80 99 103 
219 80 71 80 98 102 
250 84 72 80 98 102 
220 81 72 80 98 102 
210 80 72 81 98 102 
188 78 72 81 102 107 
158 75 73 80 97 106 
132 72 73 81 98 106 
113 69 72 80 98 106 
91 66 72 81 97 100 
94 66 72 81 97 100 
76 64 71 80 97 100 
64 63 71 80 96 99 
55 61 71 79 96 99 
41 60 71 79 95 97 
63 63 70 79 95 97 
67 63 71 79 95 97 
71 64 71 79 95 97 
63 63 71 80 95 97 
69 64 71 80 99 97 
58 63 72 81 100 103 
51 63 72 81 94 98 
35 60 71 80 95 97 
24 59 71 79 94 96 
13 57 71 79 94 96 
1 55 70 79 93 96 
0 54 70 79 93 95 
0 53 69 78 93 94 
0 52 69 78 93 94 
0 52 69 78 92 94 
0 52 69 78 92 94 
0 52 69 78 92 93 
0 52 70 78 92 93 
0 52 69 79 93 94 
0 52 69 79 93 94 
0 51 69 78 93 94 
0 51 69 78 93 94 
0 51 69 78 92 93 
0 50 69 78 92 94 
0 50 68 77 91 93 
0 50 68 77 91 93 
0 50 67 77 91 92 
0 49 67 76 90 91 
0 49 68 77 90 91 
0 49 67 76 90 91 
0 49 67 76 90 91 
