0 48 151 207 221 197 
0 48 95 140 211 201 
0 48 74 103 185 190 
0 48 67 85 162 179 
0 48 65 78 144 166 
0 48 66 76 132 154 
0 48 66 75 123 144 
0 48 66 75 116 136 
0 48 66 75 111 130 
0 48 66 75 107 125 
0 48 66 75 104 121 
0 49 65 75 100 117 
28 54 65 75 103 115 
56 57 65 74 97 107 
157 69 66 75 96 104 
165 70 67 75 95 102 
155 69 67 76 95 101 
122 65 67 76 95 100 
85 62 67 76 95 100 
61 59 67 75 94 98 
39 57 67 76 98 98 
28 55 67 76 98 98 
19 54 66 76 97 97 
9 53 66 76 93 97 
3 52 66 75 92 96 
0 51 66 75 91 95 
0 50 65 75 91 94 
0 50 65 74 90 93 
0 50 64 74 89 92 
0 51 65 74 89 91 
33 55 65 74 89 92 
33 54 65 74 89 92 
29 54 66 75 93 92 
22 54 66 75 89 91 
13 53 66 75 90 92 
7 52 66 75 89 92 
1 51 66 75 89 92 
0 51 66 75 89 91 
0 50 65 75 89 91 
0 49 65 74 89 90 
0 48 64 74 88 90 
0 48 64 73 88 89 
0 47 64 73 87 89 
0 48 64 73 87 88 
0 47 64 73 86 88 
0 47 64 73 87 88 
0 48 64 73 86 88 
0 48 64 73 86 88 
0 47 64 73 87 88 
0 47 64 74 87 88 
0 47 64 74 87 89 
0 47 64 74 87 88 
0 46 64 73 87 88 
0 46 64 73 86 88 
0 46 63 73 86 87 
0 45 63 72 86 87 
