0 51 153 209 227 209 
0 50 98 143 215 208 
0 50 77 106 189 195 
0 51 71 89 167 185 
0 50 69 81 149 171 
0 50 69 79 136 159 
0 49 68 77 127 148 
0 50 68 77 119 140 
0 49 67 76 113 132 
0 49 67 76 109 127 
0 48 67 76 105 122 
0 50 67 76 103 119 
0 52 67 76 100 116 
22 56 68 76 99 109 
76 62 69 77 99 107 
110 66 69 78 99 106 
133 69 70 78 99 105 
137 70 70 78 99 104 
156 72 70 79 98 103 
178 75 70 79 98 103 
152 71 70 79 97 101 
126 68 70 78 96 105 
95 64 69 78 96 100 
76 62 69 78 95 99 
67 61 68 77 94 98 
60 60 69 77 94 97 
56 60 69 77 94 97 
46 59 69 77 93 97 
40 59 69 78 94 97 
33 58 69 78 93 96 
23 57 69 78 94 96 
29 58 69 78 98 96 
40 59 69 78 93 96 
49 60 69 78 97 95 
60 61 69 78 93 95 
111 66 69 78 93 95 
90 64 69 78 92 94 
72 62 68 78 92 94 
48 59 68 77 96 93 
33 57 68 77 91 93 
18 56 68 77 95 93 
8 55 68 77 91 93 
0 54 68 77 91 92 
0 53 68 77 91 93 
0 53 69 77 91 93 
0 52 68 77 91 93 
0 52 68 77 91 93 
0 51 68 77 90 92 
0 50 68 77 90 92 
0 49 66 76 90 92 
0 49 67 76 90 91 
0 49 66 75 89 91 
0 49 66 75 89 90 
0 49 66 75 89 90 
0 48 66 75 88 90 
0 48 66 75 89 89 
