0 45 149 205 219 194 
0 45 93 139 209 199 
0 45 72 101 183 187 
0 46 66 84 161 178 
0 46 64 77 144 165 
0 46 64 74 131 153 
0 46 63 73 121 143 
0 45 63 72 114 134 
0 45 63 72 109 128 
0 45 62 72 104 123 
0 44 62 71 101 118 
0 44 62 71 97 109 
0 44 62 71 96 106 
0 44 62 71 95 103 
0 44 62 71 94 101 
0 44 62 71 93 99 
0 45 62 71 92 98 
0 46 62 72 91 97 
59 55 63 72 96 97 
78 57 64 73 96 96 
138 64 64 72 91 99 
176 69 65 73 91 100 
140 65 65 73 91 99 
105 60 64 73 90 98 
71 56 63 73 89 93 
49 54 63 72 93 93 
31 52 62 72 88 91 
20 50 62 72 88 91 
10 49 62 72 87 90 
3 49 62 71 87 90 
0 48 63 72 87 90 
0 48 63 72 87 90 
0 48 63 72 87 90 
3 49 63 73 87 90 
4 49 63 73 87 90 
12 50 63 73 87 90 
19 51 63 73 91 89 
41 53 63 72 87 89 
38 52 63 72 90 88 
37 52 62 72 86 88 
21 50 62 71 85 87 
9 49 62 71 85 87 
0 47 62 71 85 87 
0 47 62 71 84 87 
0 46 62 71 85 86 
0 46 62 71 85 87 
0 45 62 72 85 87 
0 45 62 71 85 86 
0 45 62 72 85 87 
0 44 62 71 85 87 
0 44 61 71 85 86 
0 44 62 71 85 86 
0 42 61 71 84 86 
0 43 61 70 84 85 
0 42 60 70 84 85 
