106 0 95 160 174 161 
110 0 37 93 170 168 
121 7 22 61 155 164 
131 6 17 45 138 158 
131 5 21 47 134 158 
138 3 26 48 123 145 
144 1 25 47 114 129 
148 0 18 38 97 111 
146 0 14 32 83 94 
145 0 5 22 64 77 
147 0 3 15 51 63 
153 0 0 3 37 49 
147 0 0 2 28 45 
144 0 0 5 29 46 
146 7 5 15 37 51 
144 6 7 20 43 57 
151 11 15 30 54 72 
151 9 16 34 66 76 
150 7 21 44 79 90 
147 5 26 48 84 91 
153 5 27 47 81 87 
140 0 19 39 71 76 
140 0 16 34 64 66 
143 0 7 24 47 53 
134 0 5 19 44 45 
144 0 0 8 24 33 
146 0 0 1 17 28 
151 0 0 5 23 31 
186 7 3 13 27 36 
203 9 8 20 34 42 
230 12 13 29 46 55 
277 14 16 34 54 68 
330 14 20 43 68 80 
307 13 27 48 74 83 
272 10 28 48 73 81 
232 5 21 41 64 70 
197 5 19 36 58 62 
213 2 10 26 46 49 
214 4 7 21 39 43 
203 2 1 10 23 27 
162 1 0 2 15 25 
139 0 0 5 21 27 
111 0 2 12 24 31 
94 2 7 18 32 39 
105 6 12 27 42 50 
100 6 15 32 51 59 
80 1 17 38 62 73 
65 0 25 48 77 82 
55 0 27 47 76 80 
46 0 25 44 71 72 
50 0 18 37 58 63 
53 0 13 31 50 53 
45 0 6 21 40 45 
68 0 3 15 29 33 
66 0 0 3 15 24 
75 0 0 2 17 23 
80 0 0 5 16 26 
84 1 4 14 25 32 
100 3 7 20 32 39 
117 9 15 31 44 51 
130 9 16 33 53 61 
139 7 20 44 67 77 
146 8 26 48 77 80 
148 7 27 47 75 77 
142 0 19 40 66 66 
145 0 16 35 58 57 
153 0 8 25 43 47 
151 0 6 20 35 38 
147 0 0 9 21 27 
142 0 0 1 12 21 
137 0 0 4 19 23 
136 3 2 12 27 28 
141 8 8 19 31 37 
134 10 13 28 42 49 
142 9 15 33 54 56 
144 8 19 40 67 72 
142 8 26 48 76 79 
140 5 28 47 75 77 
140 1 23 42 67 67 
137 0 19 37 56 60 
138 0 12 29 46 48 
139 0 7 21 42 41 
130 0 2 12 29 25 
137 0 0 1 18 20 
141 0 0 4 14 23 
139 3 0 10 24 26 
143 7 7 18 29 35 
142 8 11 26 43 45 
149 12 17 33 48 55 
150 9 18 38 64 69 
146 9 26 48 76 79 
144 6 28 48 76 77 
148 5 26 44 70 69 
140 0 19 38 62 61 
124 0 13 31 48 50 
118 0 7 21 39 42 
121 0 4 15 31 27 
130 0 0 3 19 20 
