117 0 127 206 230 212 
140 1 47 114 204 207 
152 0 17 58 166 173 
163 0 15 36 134 145 
163 0 5 22 105 118 
169 0 2 15 82 95 
150 0 0 3 59 76 
135 0 0 1 49 66 
131 0 0 5 46 64 
140 5 3 14 47 65 
149 7 7 20 52 69 
153 14 15 30 61 77 
162 9 16 33 72 84 
166 8 21 44 85 97 
167 6 26 47 87 97 
168 5 27 47 84 91 
172 0 19 38 73 78 
180 0 17 35 61 69 
160 0 6 23 53 57 
160 0 4 18 44 45 
161 0 0 6 25 34 
167 0 0 2 18 30 
175 3 0 5 24 33 
180 8 4 14 29 38 
166 8 8 20 40 46 
169 11 14 29 47 57 
172 10 15 33 55 66 
175 9 20 43 73 81 
183 9 27 48 75 85 
161 6 28 48 78 82 
147 0 20 40 68 70 
139 0 17 35 57 63 
124 0 8 25 50 51 
130 0 6 20 42 42 
122 0 0 9 24 31 
115 0 0 1 19 25 
107 0 0 3 16 26 
100 0 0 10 23 31 
115 3 6 18 32 39 
100 5 11 26 41 49 
95 6 16 32 55 58 
84 2 16 37 66 72 
68 0 24 46 72 81 
61 0 26 47 71 79 
64 0 25 44 71 72 
48 0 18 36 58 64 
36 0 13 31 54 53 
33 0 5 21 45 45 
39 0 2 15 29 33 
38 0 0 3 15 24 
39 0 0 1 17 22 
40 0 0 4 15 25 
36 0 3 14 29 32 
41 0 6 19 31 39 
51 2 13 27 42 50 
51 0 14 31 50 58 
55 0 17 40 67 73 
44 0 24 46 75 79 
43 0 25 46 69 76 
52 0 21 41 63 67 
75 0 18 36 60 60 
90 0 11 29 46 48 
114 0 6 21 38 41 
132 0 2 13 29 25 
140 0 0 1 14 21 
126 0 0 3 14 22 
136 1 0 8 23 29 
137 6 5 16 32 34 
143 8 10 24 40 43 
144 11 15 31 47 53 
148 9 16 36 62 67 
155 8 24 47 75 78 
155 6 27 48 75 78 
155 5 26 46 71 71 
156 0 19 38 62 62 
145 0 14 31 54 52 
135 0 7 22 44 41 
124 0 4 15 33 30 
129 0 0 3 14 22 
133 0 0 3 17 21 
137 0 0 6 21 26 
149 9 6 16 26 32 
148 7 9 22 34 41 
148 13 17 32 45 56 
152 11 17 36 54 66 
156 10 23 46 70 82 
160 7 28 48 76 78 
158 6 28 47 72 73 
146 0 20 39 64 63 
149 0 15 32 55 53 
154 0 7 23 40 43 
152 0 4 16 30 32 
156 0 0 5 20 22 
157 0 0 2 17 20 
157 1 0 6 19 24 
