103 0 118 195 219 203 
118 0 27 91 181 177 
129 0 3 40 146 148 
139 0 0 11 105 114 
144 0 0 2 77 100 
148 0 0 4 65 91 
148 5 3 13 65 85 
154 5 6 19 66 86 
154 11 14 30 73 92 
144 8 15 33 81 96 
140 5 20 43 91 106 
147 6 26 47 93 105 
153 6 26 46 89 98 
156 0 18 38 77 85 
157 0 15 33 68 73 
156 0 5 22 51 61 
157 0 3 17 41 50 
160 0 0 6 26 38 
157 0 0 1 24 33 
151 0 0 5 26 35 
159 7 3 14 30 41 
142 5 7 20 37 47 
138 11 14 30 50 60 
144 9 16 33 61 67 
151 9 21 43 76 84 
154 7 27 49 81 87 
147 4 27 47 79 84 
130 0 19 39 65 72 
128 0 16 35 57 63 
167 0 8 25 50 50 
184 0 6 20 39 43 
207 2 0 9 24 32 
248 5 0 2 15 26 
256 7 0 5 22 28 
255 12 3 13 30 32 
253 11 7 20 38 39 
227 13 14 29 46 53 
198 13 15 33 58 65 
179 11 20 42 68 82 
167 9 27 49 79 84 
213 11 27 47 73 84 
206 4 21 40 63 68 
190 3 18 36 56 61 
179 0 10 26 50 48 
133 0 6 20 42 41 
104 0 0 9 22 29 
83 0 0 2 19 24 
71 0 0 4 20 26 
61 0 0 10 22 30 
50 0 5 17 30 38 
39 0 10 24 38 47 
32 1 14 31 48 56 
23 0 15 36 59 69 
30 0 24 46 71 80 
25 0 25 46 75 78 
23 0 25 44 67 72 
17 0 18 37 63 63 
13 0 13 31 50 53 
11 0 5 21 40 44 
8 0 2 16 30 37 
13 0 0 4 20 24 
25 0 0 0 16 21 
25 0 0 3 18 24 
29 0 2 12 23 31 
40 0 6 18 30 42 
55 0 12 26 45 49 
74 2 14 31 53 57 
97 3 17 38 66 71 
94 2 25 47 75 79 
100 1 26 47 70 76 
120 0 22 42 62 66 
127 0 18 36 55 59 
139 0 10 28 45 47 
141 0 6 20 37 38 
141 0 2 11 24 25 
138 0 0 1 18 21 
133 0 0 3 18 23 
138 1 0 9 24 31 
140 5 6 17 28 35 
132 9 11 24 37 45 
121 10 15 32 48 54 
127 5 17 38 60 69 
135 7 25 47 70 78 
140 3 27 48 75 77 
141 2 25 44 69 69 
140 0 20 38 61 61 
140 0 13 30 52 49 
143 0 7 21 38 41 
138 0 4 14 31 26 
136 0 0 2 19 21 
136 0 0 3 18 22 
133 1 0 8 22 28 
119 5 6 17 27 33 
111 4 9 22 35 43 
118 10 16 32 46 53 
126 9 17 37 56 64 
132 7 24 47 70 78 
138 5 27 48 70 77 
