185 0 117 193 218 200 
203 0 28 91 181 177 
227 0 4 38 143 145 
235 1 0 9 103 115 
243 4 0 3 77 102 
250 4 0 7 72 95 
252 10 4 16 72 88 
253 10 8 21 74 90 
252 14 15 31 76 94 
253 12 15 36 81 101 
247 12 24 47 92 109 
217 8 27 48 89 105 
229 7 26 45 82 94 
247 4 19 38 76 82 
255 4 14 31 66 70 
255 4 8 23 51 60 
264 6 5 16 42 45 
267 4 0 3 23 36 
268 6 0 3 21 35 
265 7 0 8 25 40 
267 12 7 18 39 44 
270 12 10 24 43 56 
256 16 16 32 54 63 
250 14 17 37 64 80 
252 13 24 48 77 93 
259 11 27 48 77 87 
264 9 27 47 76 79 
266 6 20 38 67 70 
266 7 16 32 59 59 
266 4 9 24 49 51 
275 3 6 17 37 37 
299 7 0 4 23 28 
332 9 0 4 21 28 
368 10 0 8 25 29 
355 14 6 16 35 37 
383 14 10 23 43 49 
408 18 17 33 50 61 
361 16 18 37 61 70 
328 14 25 48 74 88 
303 13 28 49 74 86 
266 10 27 47 70 75 
251 5 21 40 66 66 
214 3 16 33 52 56 
241 3 9 24 43 47 
256 6 6 17 31 34 
284 7 0 5 17 25 
275 8 0 4 19 25 
224 7 0 8 19 29 
185 11 7 18 29 35 
145 8 10 24 42 43 
109 11 17 33 50 56 
87 6 18 36 63 67 
67 2 23 45 76 81 
63 0 27 48 73 81 
65 0 27 46 75 77 
58 0 19 38 61 66 
50 0 16 34 54 58 
67 0 7 24 48 51 
65 0 5 19 35 39 
62 0 0 9 21 28 
82 0 0 1 13 22 
108 0 0 4 14 23 
137 2 1 11 26 27 
161 7 7 18 35 37 
174 11 12 26 41 52 
188 12 16 32 55 61 
204 10 19 40 63 72 
214 11 26 49 72 80 
221 10 27 48 71 78 
200 6 24 43 64 68 
200 4 20 38 57 60 
208 1 12 29 46 48 
216 2 8 22 38 40 
218 5 3 13 26 26 
218 6 0 3 19 22 
214 5 0 5 20 24 
221 8 1 10 26 28 
219 11 7 19 30 35 
219 13 12 26 41 51 
226 14 16 32 49 59 
224 12 19 40 63 72 
196 12 27 49 77 84 
187 8 29 49 72 78 
196 8 25 45 65 69 
208 5 20 37 57 60 
212 2 14 31 48 49 
221 2 9 23 44 42 
224 5 4 14 30 27 
222 7 0 3 14 21 
230 7 0 5 19 23 
231 7 1 10 24 26 
230 12 8 19 29 34 
218 13 12 26 40 49 
