0 0 97 167 194 181 
0 0 23 85 179 176 
0 0 0 40 149 162 
0 0 0 20 124 145 
0 0 0 16 107 132 
0 0 0 17 94 123 
0 0 0 17 83 111 
0 0 0 17 73 99 
0 0 0 16 65 90 
0 0 0 15 58 81 
0 0 0 14 53 74 
0 0 0 14 48 67 
0 0 0 12 44 62 
0 0 0 12 41 59 
20 0 0 13 41 55 
39 0 0 14 42 61 
61 0 0 15 43 62 
67 0 0 17 50 61 
94 0 1 18 47 62 
130 0 1 20 54 66 
148 0 9 25 52 67 
138 0 12 28 53 65 
166 0 13 29 57 62 
131 0 12 28 51 59 
107 0 10 26 48 55 
86 0 9 24 50 57 
76 0 8 22 47 54 
97 0 5 19 43 47 
74 0 5 18 38 47 
59 0 4 19 38 48 
57 0 4 20 44 54 
44 0 2 19 40 52 
27 0 3 20 47 55 
19 0 2 20 44 57 
14 0 2 21 46 60 
14 0 8 24 48 65 
22 0 11 27 49 59 
29 0 10 27 48 56 
29 0 9 25 47 55 
31 0 7 23 44 55 
47 0 5 21 45 49 
45 0 3 18 37 49 
39 0 1 16 33 41 
31 0 0 15 32 40 
22 0 0 15 36 41 
19 0 0 15 34 47 
6 0 0 15 35 49 
0 0 0 16 37 52 
0 0 0 16 38 54 
0 0 0 17 40 57 
0 0 3 20 43 60 
0 0 6 23 45 60 
0 0 7 24 44 59 
0 0 6 23 43 56 
0 0 5 22 41 53 
0 0 3 19 37 50 
0 0 2 17 35 47 
0 0 0 16 32 43 
0 0 0 14 30 41 
0 0 0 13 29 40 
0 0 0 13 30 42 
0 0 0 14 32 45 
0 0 0 14 33 47 
0 0 0 15 35 50 
0 0 0 15 36 48 
0 0 0 15 38 55 
12 0 1 19 46 53 
11 0 3 20 42 53 
21 0 3 20 40 51 
29 0 2 19 39 48 
36 0 1 18 41 45 
47 0 0 16 39 42 
41 0 0 15 32 39 
40 0 0 13 28 34 
31 0 0 12 27 38 
30 0 0 12 27 35 
51 0 0 12 29 37 
61 0 0 12 31 40 
58 0 0 12 32 47 
46 0 0 13 38 45 
42 0 0 12 40 48 
58 0 0 16 38 51 
48 0 0 17 39 51 
44 0 0 18 38 53 
42 0 0 16 41 47 
32 0 0 15 39 44 
21 0 0 13 31 40 
11 0 0 11 29 37 
4 0 0 9 26 30 
0 0 0 7 24 28 
1 0 0 6 25 28 
3 0 0 6 25 30 
19 0 0 6 31 38 
22 0 0 6 27 40 
28 0 0 7 29 43 
23 0 0 7 34 46 
17 0 0 7 36 49 
25 0 0 10 33 50 
16 0 0 11 38 49 
28 0 0 11 32 43 
19 0 0 10 30 41 
20 0 0 8 28 41 
14 0 0 6 25 37 
13 0 0 5 27 35 
13 0 0 3 24 31 
2 0 0 2 18 28 
0 0 0 1 19 28 
0 0 0 2 21 26 
0 0 0 2 23 28 
0 0 0 2 24 35 
0 0 0 3 27 34 
0 0 0 4 28 36 
0 0 0 5 31 39 
0 0 0 8 32 41 
0 0 0 9 34 46 
0 0 0 9 33 39 
0 0 0 9 31 41 
0 0 0 8 29 35 
0 0 0 7 27 35 
0 0 0 6 26 29 
0 0 0 3 23 26 
0 0 0 1 21 24 
0 0 0 2 21 24 
0 0 0 2 22 26 
13 0 0 3 28 34 
20 0 0 5 25 36 
33 0 0 7 32 41 
32 0 0 8 29 43 
41 0 0 9 35 47 
39 0 0 12 34 49 
33 0 0 14 39 50 
37 0 0 14 39 48 
34 0 0 12 32 41 
45 0 0 11 30 38 
46 0 0 9 27 39 
41 0 0 8 29 36 
30 0 0 6 22 32 
23 0 0 5 25 31 
16 0 0 4 20 31 
22 0 0 5 21 34 
31 0 0 5 27 35 
34 0 0 5 24 38 
48 0 0 6 26 41 
58 0 0 6 27 43 
55 0 0 7 34 47 
48 0 0 10 32 48 
36 0 0 11 37 44 
26 0 0 10 35 40 
19 0 0 9 33 42 
28 0 0 8 27 39 
39 0 0 6 29 36 
35 0 0 5 26 33 
38 0 0 3 19 29 
47 0 0 3 22 29 
34 0 0 3 19 30 
19 0 0 4 25 33 
9 0 0 4 22 29 
1 0 0 5 25 36 
0 0 0 6 28 35 
0 0 0 7 30 37 
0 0 0 9 33 41 
0 0 0 11 35 47 
0 0 0 12 34 47 
0 0 0 11 32 45 
0 0 0 11 30 42 
0 0 0 9 28 33 
0 0 0 8 27 35 
0 0 0 7 25 29 
0 0 0 5 23 25 
0 0 0 4 21 24 
0 0 0 3 21 28 
0 0 0 3 23 27 
0 0 0 4 24 29 
0 0 0 4 26 31 
0 0 0 6 28 38 
0 0 0 6 30 40 
0 0 0 7 32 44 
0 0 0 10 34 47 
0 0 0 11 34 47 
0 0 0 11 32 45 
0 0 0 10 30 39 
0 0 0 9 28 34 
0 0 0 7 26 31 
0 0 0 6 24 28 
0 0 0 4 22 28 
0 0 0 2 20 23 
0 0 0 2 20 23 
0 0 0 2 21 25 
0 0 0 3 23 31 
0 0 0 3 25 30 
0 0 0 4 27 33 
0 0 0 4 28 39 
0 0 0 5 30 38 
0 0 0 8 33 45 
0 0 0 10 34 46 
0 0 0 10 32 45 
0 0 0 9 30 37 
0 0 0 8 29 38 
0 0 0 6 26 35 
0 0 0 5 25 28 
0 0 0 4 22 24 
0 0 0 2 20 26 
0 0 0 2 19 26 
0 0 0 2 20 24 
0 0 0 2 22 26 
0 0 0 2 23 29 
0 0 0 3 26 36 
0 0 0 3 27 34 
0 0 0 3 29 36 
0 0 0 7 32 40 
0 0 0 9 33 40 
0 0 0 9 33 39 
0 0 0 8 31 41 
0 0 0 8 30 35 
0 0 0 6 27 31 
0 0 0 5 25 29 
0 0 0 4 23 26 
0 0 0 2 20 26 
0 0 0 1 19 21 
0 0 0 1 19 22 
0 0 0 1 21 25 
0 0 0 2 23 31 
0 0 0 3 25 30 
0 0 0 4 27 33 
0 0 0 4 28 35 
0 0 0 6 31 43 
0 0 0 9 33 44 
