0 0 100 175 204 190 
0 0 20 84 179 177 
0 0 0 34 143 155 
0 0 0 13 112 129 
0 0 0 4 89 113 
0 0 0 1 74 95 
0 0 0 1 64 88 
0 0 0 2 58 78 
0 0 0 2 54 72 
0 0 0 3 52 71 
0 0 0 4 50 71 
0 0 0 4 48 67 
0 0 0 8 50 67 
0 0 0 9 49 64 
0 0 0 9 47 65 
0 0 0 8 44 60 
0 0 0 8 41 53 
0 0 0 6 38 48 
0 0 0 5 35 44 
0 0 0 3 32 43 
0 0 0 1 28 36 
0 0 0 1 27 35 
0 0 0 1 27 35 
0 0 0 2 28 41 
0 0 0 2 29 43 
3 0 0 3 31 41 
14 0 0 4 33 49 
16 0 0 5 33 52 
17 0 0 7 40 55 
16 0 0 9 37 55 
16 0 0 9 36 54 
6 0 0 8 33 45 
0 0 0 8 32 45 
0 0 0 6 31 38 
0 0 0 6 29 36 
0 0 0 5 27 33 
0 0 0 3 24 29 
0 0 0 1 23 28 
0 0 0 1 23 29 
0 0 0 2 25 32 
0 0 0 2 26 37 
0 0 0 3 28 41 
0 0 0 3 30 38 
0 0 0 3 31 40 
0 0 0 5 33 44 
0 0 0 7 35 48 
0 0 0 8 35 44 
0 0 0 8 34 42 
0 0 0 7 32 39 
0 0 0 6 30 40 
0 0 0 5 28 33 
0 0 0 3 26 35 
0 0 0 2 23 27 
0 0 0 1 21 25 
0 0 0 1 21 30 
0 0 0 1 23 32 
0 0 0 2 24 30 
0 0 0 3 26 33 
0 0 0 4 29 36 
0 0 0 4 30 42 
0 0 0 5 32 41 
0 0 0 7 34 47 
0 0 0 8 34 43 
0 0 0 9 34 41 
0 0 0 8 33 39 
0 0 0 7 31 40 
0 0 0 5 28 33 
0 0 0 4 26 31 
0 0 0 3 24 27 
0 0 0 1 21 28 
0 0 0 0 20 24 
0 0 0 0 20 26 
0 0 0 1 22 28 
0 0 0 1 24 30 
0 0 0 2 26 37 
0 0 0 2 28 35 
0 0 0 3 29 38 
0 0 0 6 32 41 
3 0 0 8 33 42 
8 0 0 8 34 45 
11 0 0 7 36 44 
13 0 0 6 33 41 
2 0 0 5 26 36 
0 0 0 3 24 30 
0 0 0 2 22 26 
0 0 0 0 19 23 
0 0 0 0 19 26 
0 0 0 0 19 27 
0 0 0 0 21 26 
0 0 0 1 23 28 
0 0 0 1 24 31 
0 0 0 3 27 37 
0 0 0 3 28 36 
0 0 0 5 31 40 
0 0 0 7 32 41 
0 0 0 8 33 44 
0 0 0 8 32 38 
0 0 0 7 30 36 
0 0 0 6 28 33 
0 0 0 4 25 34 
0 0 0 3 24 28 
0 0 0 2 21 28 
0 0 0 0 19 22 
0 0 0 0 19 22 
0 0 0 0 20 25 
0 0 0 0 22 31 
0 0 0 1 23 29 
0 0 0 2 26 33 
0 0 0 2 27 34 
0 0 0 3 29 42 
0 0 0 7 32 40 
0 0 0 8 33 44 
0 0 0 9 32 39 
0 0 0 7 30 36 
0 0 0 6 29 33 
0 0 0 5 26 34 
0 0 0 5 25 28 
0 0 0 3 22 25 
0 0 0 2 20 22 
0 0 0 1 20 27 
0 0 0 1 20 24 
0 0 0 2 22 27 
0 0 0 2 24 29 
0 0 0 2 26 32 
0 0 0 3 27 38 
0 0 0 3 29 37 
0 0 0 6 32 40 
0 0 0 7 32 40 
0 0 0 8 32 39 
0 0 0 7 31 40 
0 0 0 6 29 38 
2 0 0 5 26 30 
8 0 0 4 24 29 
4 0 0 3 23 30 
1 0 0 0 19 26 
0 0 0 0 18 22 
0 0 0 0 19 22 
0 0 0 0 20 25 
0 0 0 0 21 31 
0 0 0 1 24 30 
0 0 0 2 25 36 
0 0 0 2 27 35 
0 0 0 4 30 38 
0 0 0 7 32 39 
0 0 0 8 32 43 
0 0 0 7 30 37 
0 0 0 7 30 35 
0 0 0 6 27 32 
0 0 0 5 25 33 
0 0 0 3 23 27 
0 0 0 1 20 23 
0 0 0 0 19 21 
0 0 0 0 18 21 
0 0 0 0 19 27 
0 0 0 0 21 26 
0 0 0 1 22 29 
0 0 0 1 25 31 
0 0 0 1 26 37 
0 0 0 2 27 39 
0 0 0 4 30 38 
0 0 0 6 31 38 
0 0 0 6 31 36 
0 0 0 5 29 38 
0 0 0 5 27 35 
0 0 0 4 24 29 
0 0 0 3 23 27 
0 0 0 2 21 27 
0 0 0 0 18 21 
0 0 0 0 18 21 
0 0 0 0 18 22 
0 0 0 0 20 25 
0 0 0 0 21 31 
0 0 0 1 24 30 
0 0 0 1 25 36 
0 0 0 1 27 34 
0 0 0 5 30 38 
0 0 0 6 31 39 
0 0 0 7 31 42 
0 0 0 6 29 35 
0 0 0 6 28 33 
0 0 0 5 26 30 
0 0 0 4 24 31 
0 0 0 3 22 29 
0 0 0 1 19 21 
0 0 0 0 18 21 
0 0 0 0 18 21 
0 0 0 1 20 28 
0 0 0 1 21 26 
0 0 0 1 23 29 
0 0 0 2 25 32 
0 0 0 3 27 37 
0 0 0 4 30 41 
0 0 0 7 31 43 
0 0 0 8 32 39 
0 0 0 8 31 36 
0 0 0 7 29 38 
0 0 0 7 28 35 
0 0 0 5 25 29 
0 0 0 4 24 26 
0 0 0 2 21 22 
0 0 0 0 19 25 
