0 0 92 163 189 176 
0 0 17 79 172 168 
3 0 0 33 142 154 
10 0 0 14 117 138 
9 0 0 7 98 122 
5 0 0 6 86 115 
2 0 0 8 77 100 
10 0 0 8 69 97 
7 0 0 8 61 86 
14 0 0 7 55 79 
20 0 0 6 49 71 
19 0 0 4 47 64 
22 0 0 2 38 58 
26 0 0 0 32 51 
22 0 0 0 30 48 
18 0 0 0 29 47 
17 0 0 0 34 48 
13 0 0 0 34 49 
16 0 0 0 31 51 
18 0 0 2 32 52 
26 0 0 2 33 54 
28 0 0 5 35 56 
30 0 0 6 36 56 
32 0 0 6 35 55 
30 0 0 6 33 51 
33 0 0 5 35 49 
47 0 0 4 33 45 
50 0 0 2 26 42 
65 0 0 1 28 38 
95 0 0 0 25 34 
102 0 0 0 20 34 
96 0 0 0 20 35 
92 0 0 0 21 37 
74 0 0 0 23 39 
67 0 0 0 29 43 
54 0 0 1 26 44 
39 0 0 2 32 47 
32 0 0 5 31 50 
23 0 0 6 36 50 
20 0 0 6 31 48 
13 0 0 5 34 46 
17 0 0 4 32 43 
30 0 0 3 24 39 
29 0 0 2 27 36 
28 0 0 0 20 33 
20 0 0 0 17 30 
14 0 0 0 17 30 
22 0 0 0 18 32 
15 0 0 0 24 34 
11 0 0 0 26 37 
7 0 0 0 23 34 
9 0 0 1 26 40 
9 0 0 2 28 42 
3 0 0 5 31 41 
1 0 0 7 33 45 
0 0 0 7 32 44 
0 0 0 6 31 38 
0 0 0 6 29 39 
0 0 0 5 27 32 
0 0 0 4 26 34 
0 0 0 3 24 27 
0 0 0 1 21 24 
0 0 0 0 20 24 
0 0 0 0 20 25 
0 0 0 1 23 28 
18 0 0 2 24 36 
23 0 0 2 30 40 
47 0 0 3 31 42 
82 0 0 3 28 44 
108 0 0 7 31 48 
112 0 0 8 36 48 
134 0 0 8 36 47 
125 0 0 7 29 44 
92 0 0 7 27 41 
65 0 0 5 29 38 
45 0 0 4 27 35 
36 0 0 2 20 32 
30 0 0 1 17 29 
29 0 0 0 22 29 
41 0 0 0 22 31 
45 0 0 1 24 33 
56 0 0 1 21 35 
54 0 0 2 24 39 
41 0 0 3 29 41 
34 0 0 3 27 44 
28 0 0 6 29 46 
15 0 0 7 34 46 
5 0 0 7 29 42 
5 0 0 6 28 36 
4 0 0 5 27 33 
0 0 0 4 25 30 
0 0 0 3 24 28 
0 0 0 1 21 29 
0 0 0 0 19 26 
0 0 0 0 18 26 
0 0 0 0 19 23 
0 0 0 0 21 29 
0 0 0 0 22 32 
0 0 0 1 24 32 
0 0 0 1 26 37 
0 0 0 2 27 36 
0 0 0 5 31 43 
0 0 0 6 32 39 
0 0 0 6 31 42 
0 0 0 6 29 36 
0 0 0 5 28 33 
0 0 0 4 26 31 
0 0 0 3 24 32 
0 0 0 2 22 30 
0 0 0 0 19 22 
0 0 0 0 18 21 
0 0 0 0 18 22 
0 0 0 0 20 25 
0 0 0 0 21 27 
0 0 0 0 23 29 
0 0 0 1 25 32 
11 0 0 2 31 40 
10 0 0 3 28 44 
1 0 0 5 30 39 
0 0 0 7 31 39 
0 0 0 7 30 36 
0 0 0 6 29 35 
0 0 0 5 27 36 
3 0 0 4 25 29 
20 0 0 3 23 32 
23 0 0 1 23 29 
24 0 0 0 17 27 
34 0 0 0 16 28 
20 0 0 0 18 30 
17 0 0 0 23 31 
10 0 0 1 20 34 
9 0 0 2 23 36 
0 0 0 2 25 38 
0 0 0 4 28 42 
0 0 0 7 31 39 
0 0 0 8 32 43 
0 0 0 8 31 37 
0 0 0 7 29 35 
0 0 0 6 28 36 
0 0 0 4 25 29 
0 0 0 4 24 27 
0 0 0 2 21 23 
0 0 0 1 19 25 
0 0 0 0 19 22 
0 0 0 1 20 24 
0 0 0 2 21 26 
0 0 0 2 23 32 
0 0 0 3 26 32 
0 0 0 3 27 33 
0 0 0 4 29 37 
0 0 0 7 32 39 
0 0 0 8 33 44 
0 0 0 9 32 38 
0 0 0 8 31 36 
0 0 0 7 30 34 
0 0 0 6 27 31 
0 0 0 5 25 32 
0 0 0 4 23 30 
0 0 0 2 20 22 
0 0 0 1 19 22 
0 0 0 1 20 27 
0 0 0 2 22 30 
0 0 0 3 23 28 
0 0 0 3 25 31 
0 0 0 4 27 33 
0 0 0 4 28 39 
0 0 0 6 31 39 
0 0 0 8 33 40 
0 0 0 9 33 40 
0 0 0 9 32 37 
0 0 0 8 30 35 
0 0 0 7 28 36 
0 0 0 6 26 30 
0 0 0 4 24 27 
0 0 0 3 21 23 
0 0 0 1 19 26 
0 0 0 1 19 26 
0 0 0 1 20 24 
0 0 0 2 22 26 
0 0 0 2 23 29 
0 0 0 3 26 36 
0 0 0 3 27 34 
0 0 0 4 29 37 
0 0 0 7 32 40 
0 0 0 8 32 39 
0 0 0 9 32 42 
0 0 0 8 31 40 
0 0 0 7 29 33 
