0 0 96 169 196 183 
0 0 17 80 173 168 
0 0 0 31 137 147 
0 0 0 10 109 127 
0 0 0 4 89 111 
0 0 0 2 76 99 
0 0 0 2 67 89 
0 0 0 3 62 84 
0 0 0 3 58 82 
0 0 0 4 55 76 
0 0 0 8 55 73 
0 0 0 9 53 69 
0 0 0 10 50 70 
0 0 0 8 46 60 
0 0 0 8 42 59 
0 0 0 6 39 50 
0 0 0 6 36 46 
0 0 0 4 33 42 
0 0 0 2 30 38 
0 0 0 1 28 40 
1 0 0 1 28 41 
12 0 0 2 29 44 
16 0 0 2 30 46 
11 0 0 3 35 49 
7 0 0 3 32 45 
8 0 0 4 34 47 
4 0 0 8 37 53 
4 0 0 9 38 48 
28 0 0 10 38 49 
39 0 0 9 40 51 
43 0 0 8 37 48 
64 0 0 6 29 44 
57 0 0 5 31 41 
39 0 0 3 28 37 
24 0 0 1 21 34 
26 0 0 1 21 34 
15 0 0 1 25 35 
6 0 0 2 23 36 
0 0 0 2 25 34 
0 0 0 3 28 37 
0 0 0 3 30 39 
0 0 0 4 31 46 
0 0 0 7 34 45 
0 0 0 8 35 44 
0 0 0 9 35 43 
0 0 0 8 33 41 
0 0 0 7 31 43 
0 0 0 6 29 35 
0 0 0 5 27 36 
0 0 0 4 25 29 
0 0 0 1 22 26 
0 0 0 1 22 26 
0 0 0 1 22 31 
0 0 0 2 24 29 
0 0 0 1 25 31 
0 0 0 3 27 35 
0 0 0 3 28 37 
0 0 0 4 30 39 
0 0 0 6 33 42 
0 0 0 8 34 43 
0 0 0 9 34 43 
0 0 0 9 33 44 
0 0 0 8 32 38 
0 0 0 7 29 35 
0 0 0 5 27 32 
0 0 0 4 26 30 
0 0 0 2 22 29 
0 0 0 1 21 29 
0 0 0 1 21 25 
0 0 0 1 23 28 
0 0 0 2 24 29 
0 0 0 2 25 36 
0 0 0 3 27 35 
0 0 0 3 29 37 
0 0 0 5 31 40 
0 0 0 7 33 45 
0 0 0 8 34 42 
0 0 0 9 33 40 
3 0 0 8 31 38 
14 0 0 7 30 40 
31 0 0 5 30 37 
41 0 0 4 28 35 
27 0 0 2 25 31 
16 0 0 0 18 29 
11 0 0 0 22 29 
5 0 0 0 18 25 
0 0 0 1 21 27 
0 0 0 2 23 33 
0 0 0 2 26 33 
0 0 0 3 27 35 
0 0 0 3 29 38 
0 0 0 7 32 45 
0 0 0 8 33 44 
0 0 0 9 32 43 
0 0 0 8 31 37 
0 0 0 7 29 35 
0 0 0 5 27 31 
0 0 0 4 25 33 
0 0 0 2 22 25 
0 0 0 0 20 22 
0 0 0 0 19 22 
0 0 0 0 20 27 
0 0 0 1 21 26 
0 0 0 1 23 32 
0 0 0 2 25 32 
0 0 0 2 26 34 
0 0 0 3 28 36 
0 0 0 6 31 43 
0 0 0 8 33 40 
0 0 0 9 33 40 
0 0 0 8 31 37 
0 0 0 8 30 39 
0 0 0 6 28 31 
0 0 0 5 26 29 
0 0 0 3 24 27 
0 0 0 2 20 23 
0 0 0 1 19 26 
0 0 0 0 19 23 
0 0 0 0 21 26 
0 0 0 1 22 27 
0 0 0 1 24 30 
0 0 0 2 26 36 
0 0 0 3 27 39 
0 0 0 4 30 38 
3 0 0 6 32 39 
16 0 0 7 32 45 
13 0 0 7 34 43 
15 0 0 6 32 40 
9 0 0 4 25 31 
1 0 0 3 23 32 
0 0 0 2 21 26 
0 0 0 0 19 22 
0 0 0 0 18 20 
0 0 0 0 18 25 
0 0 0 0 19 23 
0 0 0 0 21 26 
0 0 0 1 22 28 
0 0 0 1 25 35 
0 0 0 2 26 37 
0 0 0 3 28 41 
0 0 0 6 31 39 
0 0 0 7 31 39 
0 0 0 7 31 37 
0 0 0 6 29 39 
0 0 0 5 27 32 
0 0 0 3 25 29 
1 0 0 2 22 26 
1 0 0 1 20 27 
0 0 0 0 18 20 
0 0 0 0 18 24 
0 0 0 0 18 22 
0 0 0 0 20 25 
0 0 0 0 21 26 
0 0 0 1 24 34 
0 0 0 1 25 32 
0 0 0 2 27 34 
0 0 0 4 30 38 
0 0 0 6 31 42 
0 0 0 7 31 42 
0 0 0 6 29 35 
0 0 0 5 27 33 
0 0 0 5 26 29 
0 0 0 3 23 31 
0 0 0 2 21 25 
0 0 0 0 18 21 
0 0 0 0 17 20 
0 0 0 0 17 21 
0 0 0 0 19 27 
0 0 0 0 20 25 
0 0 0 0 22 28 
0 0 0 1 24 31 
0 0 0 1 25 32 
0 0 0 2 28 40 
0 0 0 5 30 41 
0 0 0 6 30 37 
0 0 0 6 30 40 
0 0 0 5 28 37 
0 0 0 5 27 30 
0 0 0 4 24 32 
0 0 0 3 22 26 
0 0 0 1 20 26 
0 0 0 0 18 20 
0 0 0 0 18 25 
0 0 0 0 18 23 
0 0 0 0 20 25 
0 0 0 0 22 27 
0 0 0 1 24 34 
0 0 0 1 24 32 
0 0 0 2 27 35 
0 0 0 5 30 38 
0 0 0 6 31 42 
0 0 0 6 30 36 
