0 11 128 191 224 212 
0 11 63 116 207 203 
0 11 39 74 176 191 
0 12 32 55 149 173 
0 12 30 47 129 156 
0 11 30 44 114 141 
0 11 30 43 102 129 
0 11 30 43 95 114 
0 11 30 43 90 107 
0 10 29 42 85 101 
0 10 29 42 81 96 
0 10 29 41 78 91 
0 10 29 42 76 88 
0 10 29 42 74 85 
0 10 29 42 73 83 
0 10 29 42 71 81 
0 11 29 42 70 80 
0 10 29 43 69 79 
0 11 29 42 69 78 
0 11 29 43 69 77 
0 10 28 42 67 75 
0 11 29 42 67 75 
0 10 29 42 66 74 
0 10 29 42 66 73 
0 9 28 41 65 72 
0 10 28 42 64 71 
0 10 28 41 64 70 
0 10 28 41 63 69 
0 10 28 41 62 68 
0 9 27 40 62 68 
0 10 28 41 62 68 
0 10 28 42 62 68 
0 11 28 42 62 68 
0 11 29 43 63 68 
0 11 29 42 63 68 
0 11 29 42 63 68 
0 12 29 42 63 68 
0 13 29 42 63 68 
0 14 29 42 62 67 
12 15 28 42 62 67 
15 15 28 42 62 66 
30 17 28 42 61 66 
29 17 28 42 65 65 
44 18 28 42 61 65 
39 18 28 42 65 65 
29 17 28 42 65 65 
18 16 29 42 65 65 
12 16 29 42 61 65 
4 15 29 42 61 66 
0 14 29 42 61 66 
0 14 29 42 61 65 
0 14 29 42 61 65 
4 15 29 42 61 65 
10 15 29 42 61 65 
36 17 28 42 61 65 
46 19 29 42 61 64 
60 20 29 41 60 63 
42 19 28 42 60 63 
32 17 29 42 60 63 
21 16 29 42 60 63 
22 17 29 42 60 63 
16 16 29 42 61 64 
17 16 29 42 61 64 
12 16 30 43 61 64 
5 15 29 43 61 64 
3 15 29 42 60 64 
2 15 29 43 61 64 
0 14 29 42 60 64 
0 14 29 42 60 64 
0 13 28 42 60 63 
0 12 28 42 59 63 
0 11 28 41 59 62 
0 12 28 41 59 62 
0 11 28 41 59 62 
0 11 28 41 59 61 
0 11 28 41 59 61 
0 11 28 41 59 62 
0 11 28 42 59 62 
0 11 29 42 59 63 
0 10 28 42 59 62 
0 10 28 42 59 63 
0 10 28 42 59 63 
0 10 28 42 59 62 
0 10 28 42 60 62 
0 10 28 41 59 61 
0 9 27 40 58 61 
0 9 26 39 57 61 
0 9 27 40 58 60 
0 9 26 39 57 60 
0 9 27 39 57 60 
0 9 27 40 58 60 
