0 15 131 193 234 219 
0 15 65 119 212 208 
0 14 42 77 180 196 
0 15 35 57 152 176 
0 14 33 49 131 158 
0 14 32 46 115 142 
0 14 32 45 104 130 
0 14 33 45 96 116 
0 14 33 45 92 109 
0 15 33 46 88 103 
0 14 33 46 84 98 
0 15 33 46 82 96 
0 14 32 46 80 93 
0 15 33 46 78 90 
0 14 33 46 77 88 
0 14 32 45 75 85 
0 14 32 46 74 83 
0 14 32 45 72 81 
0 14 32 45 71 80 
0 14 31 45 70 78 
0 14 31 45 69 77 
0 15 32 44 69 76 
0 15 32 45 68 75 
0 15 32 45 68 75 
0 16 32 45 67 74 
0 15 32 45 68 74 
0 15 33 46 68 74 
0 16 33 46 68 74 
0 16 32 46 67 74 
0 17 32 46 67 73 
0 17 32 46 67 73 
16 19 32 45 67 72 
32 20 32 45 66 71 
27 20 32 45 65 70 
17 19 32 45 65 70 
12 18 32 45 65 70 
6 18 31 45 65 69 
0 18 32 45 64 69 
0 17 32 45 64 69 
2 18 32 45 64 69 
0 17 32 45 65 69 
0 18 32 45 65 69 
8 19 33 46 65 68 
19 20 32 46 69 70 
26 21 33 46 65 70 
22 20 32 45 65 69 
35 21 32 45 64 68 
33 21 32 45 64 68 
24 20 32 45 64 68 
23 20 32 45 63 67 
18 19 32 45 68 67 
11 19 32 45 63 67 
8 18 32 45 63 67 
0 18 32 45 63 67 
4 18 32 46 64 67 
0 17 32 46 64 67 
0 17 32 45 64 68 
0 18 32 46 64 68 
4 18 32 46 64 68 
0 17 32 46 64 67 
0 16 32 45 63 66 
0 15 32 45 63 66 
0 15 31 45 63 66 
0 14 31 44 62 65 
0 14 31 44 62 65 
0 14 31 44 62 65 
0 14 31 44 62 65 
0 14 31 44 62 65 
0 14 32 45 62 65 
0 13 32 45 62 65 
0 14 32 45 63 65 
0 14 32 45 63 66 
0 13 32 45 63 66 
0 13 32 45 63 66 
0 13 31 44 62 65 
0 12 31 44 62 65 
0 12 31 44 62 64 
0 12 30 43 61 63 
0 12 30 43 61 63 
0 12 30 43 61 63 
0 12 30 43 60 63 
0 12 30 43 60 63 
0 12 31 44 61 63 
0 13 31 44 61 63 
0 13 31 44 61 64 
0 13 31 44 62 64 
0 12 31 44 62 64 
0 12 31 44 62 64 
0 12 31 44 61 64 
0 12 31 44 61 64 
