0 11 128 192 220 202 
0 11 62 117 201 195 
0 11 39 74 172 185 
0 11 31 54 145 167 
0 11 29 46 125 150 
0 11 29 43 110 136 
0 11 29 42 99 119 
0 11 29 42 92 110 
0 11 29 42 87 103 
0 12 30 43 84 98 
0 11 30 43 81 94 
0 11 30 43 78 90 
0 11 30 43 76 88 
0 11 30 43 74 85 
0 11 29 43 73 83 
0 10 29 43 71 81 
0 10 29 42 69 79 
0 10 29 42 68 77 
0 10 29 42 67 75 
0 10 28 42 66 74 
0 10 28 42 65 73 
0 10 28 42 64 72 
0 10 28 42 64 70 
0 10 28 42 64 70 
0 11 29 42 64 70 
0 10 29 42 63 70 
0 11 29 43 64 70 
0 11 29 43 63 69 
0 10 29 43 64 69 
0 10 29 43 63 69 
0 10 29 42 63 68 
0 10 28 42 62 67 
0 10 28 42 62 67 
0 9 27 40 61 66 
0 9 27 40 61 66 
0 9 27 40 60 65 
0 9 27 40 60 64 
0 9 27 40 60 64 
0 9 27 40 59 64 
0 10 28 41 60 64 
0 9 27 41 60 65 
0 9 28 41 60 65 
0 10 28 42 60 65 
0 10 28 42 61 65 
0 9 27 41 60 65 
0 10 28 42 60 65 
0 10 28 41 60 64 
0 9 26 40 60 64 
0 9 27 40 59 63 
0 9 27 39 59 63 
0 10 27 41 59 62 
0 10 27 41 59 62 
0 10 27 41 58 62 
0 10 27 41 58 62 
0 11 28 41 59 62 
0 13 28 41 59 62 
7 14 28 42 59 63 
22 16 29 42 60 64 
45 19 29 42 60 64 
46 19 29 42 60 63 
39 17 29 42 65 64 
24 16 28 42 60 64 
13 14 28 41 59 63 
6 14 27 41 59 62 
0 12 27 41 58 61 
1 13 27 41 58 61 
0 13 27 41 58 61 
0 13 27 41 58 61 
0 13 27 41 58 61 
0 13 28 41 58 61 
4 14 28 41 58 62 
12 15 28 42 59 62 
21 16 28 42 59 62 
47 18 29 42 60 63 
69 21 29 42 64 63 
80 22 29 42 59 63 
64 21 29 42 59 63 
53 19 29 42 58 62 
36 17 28 42 59 62 
28 16 28 41 62 61 
15 15 28 41 58 61 
22 16 28 41 58 60 
9 15 29 42 58 61 
3 14 28 41 58 61 
0 14 28 41 58 61 
0 13 28 42 58 61 
0 13 29 42 58 61 
0 13 29 42 59 61 
0 13 29 42 59 62 
0 13 28 42 59 62 
0 12 28 42 59 61 
0 11 28 42 58 61 
0 10 28 41 58 61 
0 10 27 41 58 61 
0 9 26 39 57 60 
0 10 27 40 57 60 
0 9 27 40 57 60 
0 9 27 40 57 59 
