0 12 129 192 237 226 
0 12 63 117 215 213 
0 13 40 75 183 200 
0 13 33 56 154 180 
0 13 31 48 133 162 
0 13 31 45 117 146 
0 13 31 44 106 134 
0 12 31 44 98 119 
0 12 30 44 93 111 
0 12 30 44 88 104 
0 11 30 44 84 99 
0 11 30 43 81 95 
0 11 30 43 79 91 
0 11 30 43 77 88 
0 11 29 43 75 86 
0 12 30 43 74 84 
0 12 29 43 73 82 
0 12 30 43 72 81 
0 12 30 43 71 80 
0 12 30 43 70 79 
0 12 30 44 70 78 
0 12 30 44 69 78 
0 12 30 43 69 77 
0 12 30 43 68 76 
0 11 30 43 67 75 
0 11 29 43 67 74 
0 11 29 42 66 73 
0 11 29 42 65 72 
0 11 29 42 65 71 
0 11 29 42 64 71 
0 11 29 42 64 70 
0 12 29 42 64 70 
0 13 30 43 64 70 
0 13 29 43 64 69 
0 13 30 43 65 70 
0 14 30 43 65 70 
10 16 30 43 64 70 
24 18 30 43 64 70 
47 20 30 44 65 70 
49 20 30 43 68 69 
42 19 30 43 64 69 
30 17 29 42 63 68 
23 17 29 42 63 67 
20 17 29 43 62 67 
16 16 30 43 63 67 
14 16 29 42 63 67 
18 17 30 42 66 67 
17 17 30 43 63 68 
30 18 30 43 63 68 
31 19 31 44 64 68 
35 19 31 44 64 67 
30 19 31 44 64 68 
28 18 30 44 68 68 
21 17 30 43 63 67 
30 18 30 43 62 67 
31 18 30 43 63 67 
24 17 29 43 62 66 
17 17 29 42 62 66 
11 16 29 42 61 65 
12 16 29 42 61 64 
8 16 30 43 61 65 
8 16 30 43 61 65 
1 16 30 43 62 65 
0 15 30 43 62 65 
0 15 30 44 62 66 
0 14 30 44 62 66 
0 13 30 43 62 66 
0 13 29 43 62 66 
0 12 29 43 62 65 
0 12 29 42 61 65 
0 11 29 42 61 64 
0 11 28 41 60 64 
0 10 28 42 60 63 
0 11 28 41 59 63 
0 11 29 42 60 63 
0 11 29 42 60 63 
0 11 29 42 60 63 
0 11 29 42 60 63 
0 11 29 43 61 64 
0 11 29 42 61 64 
0 11 29 42 61 64 
0 11 29 43 61 64 
0 10 29 43 60 63 
0 10 29 42 61 64 
0 10 28 42 60 63 
0 10 28 42 59 63 
0 9 27 40 59 62 
0 9 27 40 58 62 
0 10 28 41 58 61 
0 10 28 41 58 61 
0 10 28 41 59 62 
0 10 28 41 59 61 
0 10 28 42 59 62 
0 10 28 42 59 62 
0 10 28 42 60 63 
0 10 28 42 60 63 
0 9 28 41 59 62 
0 9 28 41 60 63 
0 9 28 41 60 63 
0 9 27 40 59 62 
0 9 27 40 58 62 
0 8 27 40 58 60 
0 8 27 39 58 61 
0 9 27 39 58 60 
0 8 26 39 57 60 
0 9 27 40 57 61 
0 9 27 40 58 60 
0 9 27 40 58 61 
0 9 27 40 58 61 
0 9 27 40 59 61 
0 9 27 40 59 62 
0 9 27 40 58 61 
0 9 27 40 59 62 
0 9 27 40 58 61 
0 8 27 40 58 61 
0 8 26 39 58 60 
0 9 26 39 57 60 
0 8 26 38 56 59 
0 8 25 39 56 59 
0 8 26 39 56 59 
0 8 26 39 57 59 
0 8 26 39 57 60 
0 8 26 39 57 60 
0 8 26 39 57 60 
0 9 26 39 57 60 
0 9 27 40 57 60 
0 8 26 39 58 61 
0 8 26 40 58 61 
0 8 26 39 58 61 
0 8 26 39 57 60 
0 8 26 39 57 59 
0 8 25 39 56 59 
0 8 25 39 56 59 
0 7 25 38 55 58 
0 8 25 38 56 58 
0 7 25 38 56 58 
0 8 25 38 56 58 
0 7 25 38 56 58 
0 8 25 39 56 58 
0 8 26 39 56 59 
0 8 26 39 56 59 
0 8 26 39 57 60 
0 8 26 39 57 60 
0 8 26 39 57 60 
0 7 26 39 57 59 
0 7 26 39 56 59 
0 7 25 38 56 59 
0 7 25 38 56 59 
0 7 24 38 56 58 
0 7 24 38 55 58 
0 7 24 38 55 58 
0 7 24 38 55 57 
0 7 25 38 55 57 
0 7 24 38 55 57 
0 8 25 38 55 57 
0 7 25 38 56 58 
0 7 26 39 56 59 
0 7 26 39 56 59 
0 7 26 39 57 59 
