0 12 129 192 222 204 
0 13 63 117 203 198 
0 12 40 75 172 186 
0 13 33 56 146 169 
0 13 31 48 126 152 
0 13 32 46 112 139 
0 13 32 45 101 127 
0 13 32 45 94 113 
0 13 32 45 90 107 
0 13 32 44 86 101 
0 13 31 45 83 96 
0 12 31 44 80 92 
0 12 31 44 77 88 
0 12 31 44 75 86 
0 12 30 43 73 83 
0 12 30 43 71 80 
0 12 30 43 69 78 
0 12 30 43 69 77 
0 12 30 43 68 76 
0 12 30 43 67 75 
0 12 30 44 67 74 
0 12 31 44 67 74 
0 12 31 44 67 74 
0 12 31 44 67 73 
0 12 31 44 66 73 
0 12 31 44 66 72 
0 12 30 44 65 72 
0 11 30 43 65 71 
0 11 30 43 64 70 
0 11 30 43 63 69 
0 11 29 43 63 68 
0 11 29 43 63 68 
0 11 29 43 62 67 
0 11 29 43 62 67 
0 11 30 43 62 67 
0 12 30 43 62 67 
0 12 30 43 62 67 
0 11 30 43 63 67 
0 12 30 43 63 67 
0 11 30 43 62 67 
0 12 30 43 63 67 
0 11 30 43 62 67 
0 11 29 43 61 66 
0 11 29 42 61 66 
0 11 29 42 61 65 
0 10 28 42 60 64 
0 11 29 42 60 64 
0 11 28 42 60 64 
0 11 29 42 60 63 
0 11 29 42 60 64 
0 12 29 43 60 64 
0 13 29 43 60 64 
0 14 30 43 61 65 
8 16 29 43 61 65 
27 18 30 43 62 65 
30 18 30 43 61 65 
42 19 30 43 61 65 
31 18 30 43 61 64 
20 17 30 43 60 64 
13 16 29 43 60 64 
3 15 28 42 60 63 
0 14 29 42 60 63 
0 14 29 42 59 62 
0 14 29 42 59 62 
0 15 29 42 59 63 
0 14 30 43 60 63 
0 15 30 43 60 63 
3 15 30 43 60 64 
3 15 30 43 61 64 
1 15 30 43 61 63 
12 16 30 43 61 64 
22 17 30 43 60 64 
31 18 30 43 61 64 
29 18 30 43 64 63 
24 17 29 43 60 63 
14 16 29 42 59 62 
10 15 29 42 59 62 
4 15 29 42 59 62 
7 16 29 42 59 62 
2 15 29 42 59 62 
0 15 30 43 59 62 
0 15 30 43 60 62 
0 15 30 43 60 63 
3 15 30 43 60 63 
0 15 30 43 60 63 
0 15 30 43 60 63 
0 15 30 43 60 63 
0 14 29 43 60 62 
0 13 29 42 59 62 
0 13 29 42 59 61 
0 12 29 42 59 61 
0 12 29 42 58 61 
0 11 28 42 58 61 
0 11 28 42 58 61 
0 11 29 42 58 61 
0 12 29 42 59 62 
0 11 29 42 59 62 
0 11 29 43 59 62 
0 11 29 42 59 62 
0 11 29 43 60 62 
0 11 29 43 60 62 
0 10 29 42 59 62 
0 10 28 42 59 62 
