193 6 115 188 216 201 
177 0 27 90 180 173 
165 0 0 29 134 140 
181 0 0 11 102 120 
201 0 0 10 86 106 
218 0 0 10 75 95 
238 4 0 10 71 86 
244 0 0 6 58 83 
249 12 9 20 70 87 
253 16 14 28 74 94 
261 6 3 22 72 89 
260 17 1 19 66 80 
252 5 0 16 56 75 
233 0 7 20 59 72 
244 8 11 25 58 68 
243 0 0 12 42 52 
249 0 0 3 28 42 
249 0 0 6 27 40 
254 7 0 9 33 43 
255 4 0 10 31 41 
256 1 0 11 31 41 
261 0 0 10 35 42 
268 1 0 12 40 50 
243 7 10 24 53 62 
242 9 13 29 60 67 
248 1 6 24 53 65 
245 5 5 22 49 62 
232 6 8 22 51 59 
231 9 11 25 48 58 
235 13 10 24 44 48 
240 0 0 10 30 35 
255 0 0 1 24 32 
258 0 0 3 26 33 
264 2 0 9 25 37 
265 0 0 11 31 33 
270 0 0 9 32 38 
246 0 0 8 27 40 
254 15 16 26 43 53 
318 7 10 28 52 63 
369 3 6 23 55 63 
403 2 7 22 47 59 
389 9 6 21 45 57 
363 2 7 22 48 55 
350 10 8 23 47 52 
341 0 0 8 30 40 
334 0 0 2 23 28 
312 0 0 4 22 28 
288 0 4 13 22 29 
246 0 0 12 25 31 
243 0 0 11 25 32 
245 2 0 10 26 34 
262 3 0 14 36 43 
255 19 12 25 45 57 
268 17 15 30 52 64 
277 7 7 25 54 60 
281 5 7 22 45 55 
289 11 9 24 45 53 
295 7 7 23 45 53 
309 3 6 21 39 44 
283 0 0 5 24 34 
257 0 0 3 21 26 
271 0 0 8 24 30 
287 2 0 10 22 29 
307 6 0 10 24 30 
305 0 0 7 23 34 
298 0 0 8 28 35 
292 25 9 20 37 47 
293 3 8 25 47 59 
288 12 0 19 45 55 
283 5 1 18 43 53 
282 7 3 18 41 52 
249 1 1 17 38 50 
226 8 8 21 44 49 
