136 10 116 188 212 196 
156 0 23 88 176 168 
172 0 0 32 133 137 
182 0 0 16 104 120 
188 0 0 13 87 107 
187 0 0 10 73 95 
184 0 0 11 65 86 
188 0 0 10 57 78 
188 13 11 24 72 88 
189 9 14 30 74 94 
181 3 8 25 69 88 
161 0 8 23 69 82 
178 5 7 22 63 77 
183 4 3 19 55 71 
195 6 4 20 53 69 
224 0 0 6 37 53 
234 0 0 1 30 39 
244 0 0 6 25 39 
234 0 0 10 32 37 
223 1 0 10 34 39 
234 0 0 9 34 44 
234 0 0 8 33 44 
243 7 0 11 34 49 
250 8 11 24 51 62 
247 19 10 28 54 70 
251 5 1 20 50 63 
248 6 0 17 45 59 
246 6 5 19 44 57 
241 0 3 19 43 56 
246 0 4 19 39 47 
248 0 0 8 26 37 
245 0 0 3 18 29 
240 5 0 8 21 32 
241 10 0 12 29 30 
216 0 0 12 27 33 
222 0 0 11 31 35 
232 0 0 12 33 37 
237 10 12 24 43 57 
246 11 16 30 52 67 
238 0 6 24 55 62 
241 0 4 20 46 59 
244 6 9 22 45 57 
250 0 7 22 43 54 
248 8 8 23 44 53 
252 0 0 9 33 39 
238 0 0 2 22 28 
235 0 0 5 22 28 
253 0 0 8 25 32 
240 0 0 9 22 33 
225 4 0 10 29 30 
214 0 0 9 30 36 
199 0 0 12 30 40 
193 19 12 25 49 55 
190 0 11 28 50 60 
183 0 4 23 47 58 
182 10 8 24 45 54 
188 2 6 22 44 53 
174 3 8 22 48 52 
161 1 7 21 43 45 
164 0 0 9 26 34 
165 0 0 2 16 26 
171 0 0 8 24 29 
173 1 0 10 27 29 
179 0 0 11 28 30 
