129 0 94 166 178 166 
146 9 44 99 179 177 
159 10 25 62 158 177 
158 3 11 40 136 157 
160 0 7 27 114 133 
159 0 6 23 94 118 
155 4 5 21 81 104 
163 5 6 22 79 96 
165 0 0 8 54 76 
161 0 0 2 39 58 
161 0 2 10 43 51 
165 0 0 12 45 52 
162 0 0 8 38 55 
169 0 0 9 37 54 
173 0 0 10 41 49 
190 0 8 19 44 61 
201 6 14 29 56 71 
197 8 14 30 60 73 
209 0 5 24 56 70 
201 3 0 18 50 64 
199 11 5 20 49 61 
209 11 3 19 47 58 
205 9 5 19 42 49 
205 0 0 5 27 39 
216 0 0 0 23 31 
222 1 1 10 28 31 
226 3 0 12 31 33 
227 0 0 11 34 36 
232 0 0 11 34 37 
217 0 0 9 33 43 
215 9 7 20 42 56 
231 20 8 25 50 63 
236 7 0 18 52 61 
239 6 2 17 48 57 
251 0 5 19 42 54 
258 10 9 23 48 52 
262 5 5 20 48 51 
260 1 0 10 34 36 
269 0 0 4 19 28 
267 4 0 7 20 30 
258 1 5 15 25 31 
235 0 0 13 31 32 
223 0 0 12 32 34 
226 0 0 9 31 38 
226 6 1 15 38 45 
235 10 18 30 48 59 
246 8 18 33 58 62 
247 2 14 29 56 60 
237 12 6 24 48 56 
220 4 9 24 52 56 
214 1 9 24 45 55 
198 10 0 15 35 40 
185 0 0 5 23 32 
163 0 0 0 16 26 
163 1 0 8 20 29 
165 0 0 11 27 29 
