214 1 111 185 210 196 
235 12 35 98 184 189 
259 6 14 53 155 165 
271 7 8 33 130 145 
271 0 7 25 109 122 
276 0 0 9 80 99 
252 0 0 2 60 79 
271 8 0 7 56 74 
276 0 0 8 53 70 
282 1 0 11 47 63 
285 0 0 11 44 60 
293 0 0 10 42 56 
297 16 11 23 59 74 
291 11 14 30 69 84 
292 5 10 27 62 77 
301 6 0 17 55 71 
279 5 5 20 57 67 
249 1 0 17 49 65 
225 10 7 21 49 61 
237 0 0 11 42 46 
257 0 0 0 27 36 
285 0 0 6 23 35 
294 0 4 13 28 35 
320 0 0 10 33 37 
328 0 0 10 33 38 
338 1 0 9 33 42 
356 0 0 10 32 46 
349 12 3 19 47 58 
346 1 11 26 55 63 
334 0 6 21 53 61 
339 7 6 21 50 59 
328 8 6 21 49 56 
327 9 10 24 44 54 
337 6 9 23 47 49 
336 0 0 11 34 35 
337 0 0 3 24 30 
336 11 2 10 23 28 
333 10 0 13 27 31 
332 8 0 11 32 33 
335 0 0 10 32 35 
331 2 0 10 32 36 
297 4 11 22 41 51 
307 14 18 31 52 66 
322 6 7 25 56 62 
334 3 4 21 51 59 
334 5 6 21 49 56 
331 8 6 21 47 52 
330 4 3 19 46 52 
330 5 0 10 33 36 
330 0 0 1 22 27 
325 8 0 6 17 27 
323 0 4 13 27 28 
310 0 0 13 25 30 
275 0 0 12 30 31 
269 0 0 11 31 33 
264 0 2 15 36 43 
265 18 11 25 44 56 
270 13 13 30 51 61 
269 7 0 19 51 58 
256 9 2 18 42 54 
242 5 5 20 41 50 
230 8 10 24 42 50 
239 13 4 20 38 41 
243 0 0 5 24 32 
