172 2 113 186 211 196 
185 3 38 100 189 190 
200 6 15 54 151 169 
211 0 0 21 113 130 
218 0 0 5 86 105 
223 0 0 5 66 91 
221 8 0 8 60 83 
229 0 0 12 60 74 
234 1 0 11 55 69 
207 0 0 6 46 68 
205 0 0 10 47 67 
193 12 13 25 65 78 
209 10 13 29 65 81 
218 4 6 23 62 77 
224 10 1 19 55 71 
222 4 5 19 57 66 
217 6 5 20 52 64 
222 6 1 18 51 56 
221 0 0 7 32 45 
222 0 0 2 23 35 
222 0 0 8 25 38 
227 0 0 8 27 40 
226 2 0 9 28 41 
217 0 0 8 32 42 
214 0 0 8 32 42 
237 22 4 17 39 52 
244 15 20 31 53 65 
253 0 9 27 54 67 
256 0 0 19 48 62 
252 0 7 21 45 58 
255 9 6 21 45 57 
263 6 8 22 48 56 
250 0 0 9 33 45 
247 0 0 5 22 32 
236 0 0 4 22 29 
219 3 0 8 26 32 
238 0 0 11 29 32 
246 7 0 11 26 32 
241 0 0 7 25 37 
254 0 0 7 30 40 
256 5 6 19 39 51 
267 10 19 31 52 61 
271 0 4 23 54 60 
272 11 1 19 48 55 
273 10 1 18 47 52 
271 12 6 20 48 51 
251 15 7 22 47 47 
247 0 0 10 29 33 
253 0 0 2 22 26 
269 0 0 6 19 29 
275 0 0 11 27 29 
271 0 0 12 29 30 
259 0 0 10 26 32 
268 5 0 8 25 36 
254 18 11 22 38 47 
242 14 19 32 51 61 
234 11 10 28 52 61 
221 0 0 19 50 57 
206 0 0 17 41 52 
203 11 2 18 41 50 
200 6 8 21 42 50 
198 0 0 12 30 36 
201 0 0 6 19 27 
206 0 0 4 17 26 
201 0 0 4 17 28 
201 1 0 7 20 31 
