89 0 88 164 180 164 
103 0 34 89 164 157 
125 0 6 44 140 143 
134 0 0 21 114 126 
142 0 0 10 90 111 
127 14 7 20 86 110 
139 9 21 32 90 113 
150 3 13 29 89 106 
158 0 5 22 76 97 
158 0 6 22 68 88 
157 4 6 21 64 82 
161 4 4 20 64 77 
166 0 0 11 50 59 
168 0 0 4 33 48 
169 0 0 3 28 43 
176 0 0 8 34 44 
177 0 0 10 36 43 
208 0 0 10 32 43 
213 0 0 10 32 43 
213 0 0 11 34 48 
220 19 15 26 48 66 
228 1 9 27 60 68 
263 0 3 21 57 65 
258 4 2 19 49 62 
248 3 3 18 46 60 
236 10 8 22 46 57 
223 11 7 22 45 51 
215 0 0 10 31 37 
194 0 0 0 23 30 
190 0 0 5 26 33 
198 0 0 10 24 32 
205 3 0 10 26 32 
214 0 0 11 28 35 
210 0 0 6 31 39 
212 14 7 19 38 49 
219 13 9 24 49 61 
222 6 7 24 55 62 
221 0 0 17 49 58 
216 0 3 18 42 55 
217 2 6 20 42 53 
218 6 8 22 41 53 
220 0 0 12 35 38 
220 0 0 3 19 29 
219 0 0 2 20 26 
218 2 0 8 24 30 
220 0 0 10 28 30 
206 0 0 10 24 31 
200 0 0 10 25 31 
195 0 0 8 31 42 
194 11 7 20 40 51 
184 7 11 27 49 59 
172 2 4 22 51 57 
146 0 3 20 44 54 
148 5 5 20 42 53 
155 4 4 20 41 52 
156 9 6 21 40 48 
153 0 0 9 31 36 
